8 18 2
8 78 13
1 0 24
3 38 34
14 3 14
7 91 43
x
15 43 4
15 5 8
x
x
0 75 17
12 53 26
14 45 43
0 95 18
0 0 25
8 99 40
7 12 2
1 28 9
0 74 37
x
15 23 31
9 43 31
4 4 37
1 43 38
5 5 19
13 28 36
1 58 1
x
6 81 26
13 75 19
x
12 68 36
8 74 1
6 3 44
4 73 14
8 1 13
6 87 25
0 20 2
2 51 40
x
7 71 8
14 61 38
10 58 36
12 57 4
1 81 21
0 86 16
10 87 34
2 53 24
x
2 34 23
15 68 36
6 34 36
2 46 9
4 32 32
x
15 26 33
10 90 33
14 9 43
x
6 28 32
x
7 95 31
12 47 35
x
10 24 18
2 38 6
6 23 14
3 53 35
8 44 0
7 26 31
11 80 8
4 77 5
2 56 8
x
3 73 10
0 16 8
2 98 0
6 1 19
x
7 97 39
6 82 10
13 33 43
13 63 25
4 30 21
13 12 17
10 14 24
7 29 25
8 58 41
0 68 7
x
14 55 33
6 10 19
13 84 35
6 80 26
7 43 2
x
7 0 2
x
x
x
4 12 23
12 48 14
x
x
1 89 28
3 92 31
14 66 38
0 41 21
8 21 4
1 71 29
9 97 13
3 65 3
x
2 29 31
3 70 7
8 20 40
13 95 43
9 48 14
5 29 44
9 7 27
x
3 82 13
x
6 61 0
5 85 10
4 0 44
2 3 43
3 59 28
12 39 25
2 85 37
10 84 22
1 22 44
10 49 39
11 91 42
3 11 24
4 24 23
2 99 3
x
0 7 41
11 18 36
8 46 24
0 13 19
9 93 24
6 51 15
x
12 85 23
14 99 21
10 75 42
12 77 15
13 1 17
12 17 25
10 85 34
1 63 15
x
x
6 77 35
15 61 16
x
11 84 24
12 82 22
x
15 32 20
4 9 36
3 50 43
13 59 4
6 56 42
x
x
10 70 13
13 65 20
15 16 27
15 54 25
12 84 32
10 40 26
x
x
x
1 6 13
9 18 30
5 65 37
0 53 7
3 25 11
1 3 37
11 29 1
7 53 21
6 8 25
12 24 30
9 90 1
9 75 43
12 6 29
9 35 17
5 6 5
11 72 37
12 96 15
0 48 7
1 68 1
2 12 22
11 3 37
9 61 10
4 29 6
0 24 15
8 26 41
9 52 11
7 87 9
5 46 16
3 58 43
7 1 31
5 84 38
x
15 34 18
4 1 23
14 83 3
x
x
9 59 6
15 98 9
14 39 22
x
7 5 14
2 44 28
0 43 4
3 21 31
x
x
x
2 96 24
x
14 92 40
0 23 34
13 79 15
11 69 22
12 0 33
1 98 3
14 62 39
14 10 37
2 8 38
x
4 35 12
11 76 1
x
10 0 15
11 53 26
15 89 0
7 48 15
5 0 33
13 7 19
x
10 71 29
x
1 84 34
8 73 28
10 88 23
9 27 22
3 29 7
7 85 19
14 18 31
1 11 0
1 66 42
x
15 63 37
10 78 29
12 73 11
x
x
14 78 10
5 41 6
7 45 30
7 66 40
x
12 67 38
3 20 36
2 92 28
12 4 11
1 35 21
6 58 10
x
12 93 40
15 53 35
3 80 21
x
9 0 0
11 93 1
13 72 20
x
3 0 0
5 75 8
x
x
1 34 31
15 0 15
7 86 39
8 12 30
6 89 42
x
5 95 38
x
x
x
6 21 14
15 67 29
8 72 13
x
x
4 51 41
9 1 10
4 80 1
13 91 10
3 1 26
6 18 37
12 58 43
3 19 35
4 45 23
13 16 15
11 0 22
x
0 4 8
x
x
11 35 3
5 87 0
9 45 0
14 56 7
x
2 76 31
15 70 7
15 42 29
11 42 30
5 40 36
13 89 20
x
x
8 39 32
6 44 23
4 25 32
11 61 12
8 88 22
x
15 86 13
x
x
2 19 9
15 35 31
8 84 25
14 29 16
10 37 17
x
10 77 25
0 63 12
15 60 35
12 44 5
x
15 45 35
x
15 9 34
6 66 30
x
8 60 8
5 70 8
12 10 7
4 21 16
0 28 8
0 52 38
x
4 41 18
4 14 7
12 20 28
0 11 8
5 39 16
5 25 25
12 31 11
13 50 36
x
6 94 21
8 34 19
9 12 41
7 57 18
3 95 12
15 69 15
7 80 44
10 96 0
x
5 48 26
x
13 37 4
1 42 32
5 34 26
x
x
6 14 26
12 28 3
15 74 42
3 14 38
11 40 16
6 69 9
14 48 0
3 10 37
3 41 22
1 17 18
9 24 36
15 40 17
5 20 23
2 88 0
9 15 41
15 20 17
1 55 12
x
5 53 35
x
9 4 36
12 42 12
0 36 39
10 28 32
13 3 12
5 16 38
0 90 19
x
3 68 29
11 87 42
3 6 29
9 79 37
14 22 32
x
14 52 13
15 84 34
12 63 9
11 79 14
9 37 19
x
8 16 9
3 74 9
10 44 30
6 6 21
12 92 21
13 19 31
2 62 4
14 34 31
14 69 38
11 48 22
3 45 24
14 89 1
5 55 37
11 20 2
x
4 64 28
12 90 27
1 49 16
2 41 3
8 49 34
x
5 11 22
10 67 0
2 21 35
6 97 4
8 0 40
3 36 23
9 66 10
3 67 12
13 41 35
5 60 24
8 64 31
14 4 15
0 2 0
2 87 15
8 54 6
x
7 42 23
x
10 2 11
7 76 16
x
2 74 10
10 31 1
9 84 42
1 2 16
14 28 20
10 74 30
15 79 15
5 93 13
7 35 11
8 31 1
9 56 12
x
1 74 22
5 45 29
x
6 91 36
13 0 21
x
2 0 39
x
x
12 8 13
14 80 42
2 80 38
0 33 26
6 0 30
6 39 20
6 47 12
14 0 0
11 15 15
6 36 24
10 83 15
11 96 14
15 85 5
11 32 41
1 16 2
9 31 31
15 57 26
7 60 10
15 2 11
4 92 14
1 93 33
x
1 32 10
7 36 3
x
x
4 96 31
8 93 31
10 5 44
2 25 20
13 49 37
9 69 16
11 68 5
10 51 38
8 92 21
12 97 2
x
x
3 98 40
14 87 31
4 59 42
3 77 7
7 63 34
10 10 13
11 46 21
7 23 30
14 73 26
x
10 53 0
13 56 24
6 76 15
10 55 7
7 64 23
1 70 20
14 96 40
x
12 15 4
8 68 7
x
0 58 12
11 28 38
10 62 10
13 69 37
11 58 16
7 22 0
15 11 31
11 10 41
8 9 14
15 3 30
x
12 33 38
2 17 35
7 68 9
2 70 13
8 10 28
5 78 9
2 49 14
1 62 42
4 69 24
14 44 44
0 83 11
13 44 38
x
x
7 17 4
x
14 15 19
9 77 31
2 67 27
4 89 21
3 30 27
10 18 17
x
15 50 43
8 4 14
3 89 12
1 77 44
x
x
11 22 39
x
15 33 40
14 75 13
11 7 20
1 40 12
3 86 42
13 24 5
5 7 43
x
x
4 55 10
4 16 16
11 37 18
11 1 19
4 85 18
12 70 12
11 33 24
7 8 14
7 38 24
4 47 7
6 72 22
x
11 51 17
14 64 44
x
14 14 42
x
15 94 1
0 78 44
11 70 43
x
x
12 35 21
x
