9 90 37
4 51 22
2 9 9
14 51 22
x
14 6 43
6 30 11
15 81 43
3 91 16
6 17 37
x
0 44 34
14 89 1
7 91 8
9 55 29
2 74 12
1 5 37
10 43 15
14 80 32
15 98 3
10 6 44
2 2 28
x
10 27 34
7 60 39
x
2 91 44
8 22 8
13 69 3
0 25 26
8 5 38
9 60 26
2 77 32
0 69 30
7 75 35
6 63 14
11 87 27
15 9 8
2 88 22
3 16 19
x
7 24 17
1 16 14
x
x
14 24 21
x
8 60 36
2 79 25
0 22 29
10 32 33
5 39 22
0 8 13
6 76 24
x
11 94 3
1 29 33
6 81 16
2 24 34
0 60 14
x
11 29 37
8 30 29
6 8 32
x
x
13 10 34
13 13 20
5 79 24
12 43 21
14 32 0
x
12 9 18
8 0 15
5 5 25
x
5 11 14
x
0 49 12
11 96 13
11 4 5
x
4 0 22
7 0 8
12 76 25
3 12 6
7 72 27
0 3 0
13 56 19
13 84 16
x
8 73 0
3 79 28
3 30 9
8 72 43
6 49 16
2 16 9
4 24 33
1 92 30
5 88 37
6 92 20
3 50 15
14 64 30
10 18 38
3 43 16
9 3 35
14 0 22
5 21 16
x
x
5 41 23
x
3 74 31
15 3 29
8 61 15
x
5 10 24
14 40 11
x
2 83 6
11 56 20
11 22 30
6 39 26
0 55 14
5 74 22
x
15 84 8
x
13 30 0
1 70 4
0 95 43
x
12 28 40
10 64 13
x
15 43 6
1 64 43
x
x
13 62 36
8 18 20
x
x
2 35 34
x
11 90 28
4 82 5
x
11 11 37
11 37 32
6 90 14
11 1 42
10 1 29
8 45 13
11 7 40
7 81 28
0 0 16
10 41 12
x
x
6 98 6
x
14 3 5
x
4 42 23
3 75 3
1 68 27
6 34 27
9 7 42
0 74 37
x
9 92 29
2 65 42
14 99 44
x
12 63 36
x
4 41 36
7 29 34
9 18 6
5 29 24
15 64 39
10 19 23
12 73 7
x
10 13 35
8 85 5
8 41 21
8 15 24
2 0 39
15 62 22
12 71 28
x
x
1 91 42
x
7 5 17
x
9 80 26
6 86 37
0 39 5
4 96 43
13 73 3
7 85 25
2 69 29
2 31 18
4 45 0
2 52 5
x
3 65 36
9 75 22
12 50 39
9 38 28
3 54 16
4 33 42
9 76 30
13 28 18
7 49 28
12 42 29
7 54 6
1 10 29
7 77 20
3 87 29
3 27 12
14 28 35
1 50 14
x
13 23 40
13 40 3
12 40 18
0 28 33
x
1 80 21
x
x
15 87 18
1 6 37
6 67 35
0 33 29
3 28 6
x
8 92 8
9 33 0
8 32 1
10 49 28
10 92 23
12 33 41
14 35 14
15 49 12
x
x
0 11 36
1 46 42
1 42 35
6 0 32
13 60 15
4 11 27
15 57 7
9 78 27
x
12 12 38
11 18 25
8 48 27
x
0 90 38
2 67 7
15 46 16
15 40 41
10 9 11
x
11 28 2
x
14 74 10
7 89 35
6 94 22
10 85 36
2 11 7
x
x
15 35 29
12 6 31
13 61 9
13 52 16
x
x
5 51 2
12 78 1
6 27 4
8 37 25
11 0 33
1 84 9
1 28 23
12 96 23
12 38 26
9 10 6
x
11 46 7
x
11 51 27
x
1 49 31
15 86 23
9 0 16
5 86 29
11 71 38
x
7 12 22
2 96 35
12 66 16
x
12 53 40
2 30 6
x
5 68 25
15 85 41
15 11 33
7 46 0
5 85 20
15 0 1
10 37 9
8 52 12
7 57 36
7 41 43
10 83 14
3 60 37
12 22 27
13 80 12
9 96 26
13 94 40
1 55 11
x
6 51 34
5 24 13
2 62 25
9 44 17
4 18 20
5 71 39
14 47 14
1 24 10
6 55 40
x
0 26 26
8 74 25
x
x
1 20 36
6 78 29
2 49 8
13 18 39
10 0 19
2 21 21
7 94 26
x
15 33 3
10 62 29
7 97 41
12 58 23
5 64 40
10 66 3
0 75 37
2 50 36
10 77 36
3 67 4
4 25 0
8 9 19
4 31 25
7 37 44
15 94 3
x
x
1 34 16
14 84 35
14 29 11
0 52 43
13 35 10
11 68 22
2 5 15
x
2 47 16
9 84 32
2 12 44
15 76 3
x
5 15 15
11 42 17
3 59 13
15 52 23
14 69 8
7 17 15
11 13 34
1 17 32
6 22 21
14 59 4
10 11 40
7 2 13
4 4 43
12 0 16
1 57 16
12 1 17
10 24 13
x
3 2 23
9 46 32
14 21 43
5 0 29
x
x
13 82 34
13 0 27
x
1 22 21
x
13 49 15
15 22 12
3 45 25
12 45 42
1 1 24
1 95 31
5 34 21
10 88 1
9 13 43
x
15 96 18
15 91 21
5 93 40
0 81 42
9 43 41
5 52 22
8 25 2
14 10 25
5 97 24
2 26 3
13 81 22
0 48 37
4 65 21
9 50 15
4 70 30
13 44 26
x
x
3 24 4
3 7 24
x
x
1 72 16
0 43 16
14 16 22
x
13 5 33
2 44 5
1 86 13
4 8 2
3 83 18
9 66 44
4 64 37
2 8 35
8 12 22
3 19 37
10 97 23
11 82 30
8 94 31
11 61 2
7 65 42
5 84 36
1 97 21
5 17 29
6 6 16
2 33 44
x
1 12 22
9 24 4
5 62 34
x
15 26 29
8 99 34
x
2 76 41
x
14 45 20
0 41 1
x
12 19 35
15 19 42
13 2 25
5 45 43
12 81 31
10 59 10
x
11 79 6
x
3 36 2
x
12 26 1
5 48 44
4 35 17
0 19 39
12 90 16
x
10 71 44
3 20 29
14 78 30
x
1 0 25
6 9 9
10 40 21
0 12 10
x
x
0 85 21
x
13 79 34
13 65 32
4 46 3
8 66 44
x
1 40 2
10 75 44
5 57 23
8 79 14
9 28 13
14 54 42
6 57 18
3 58 5
4 86 30
x
6 61 36
x
1 36 36
2 82 40
2 25 12
7 35 17
4 29 23
15 15 7
11 34 43
8 84 6
6 71 33
14 4 22
15 73 15
0 88 16
3 1 35
x
12 86 32
12 92 21
0 97 44
8 58 32
0 38 43
4 91 39
6 35 20
5 46 40
11 75 16
10 54 3
14 93 1
3 53 42
3 38 43
4 93 13
x
x
x
9 69 2
15 99 42
x
x
8 20 10
13 58 25
x
x
9 26 36
7 7 19
x
5 40 24
14 12 2
15 32 16
12 16 5
8 87 36
13 95 18
4 75 9
2 39 20
0 18 31
4 15 41
3 22 34
0 92 25
5 94 3
13 89 37
2 56 23
x
15 37 15
6 1 25
6 46 41
3 68 18
10 3 16
x
0 13 36
11 30 19
1 67 11
4 79 43
x
x
4 60 39
1 77 41
6 13 15
10 96 43
1 62 39
15 69 11
x
x
x
7 20 14
x
1 65 29
x
4 56 8
0 65 39
11 48 15
x
x
x
6 43 18
0 80 17
7 67 25
x
3 95 0
12 93 9
3 73 38
3 0 19
x
