11 86 0
10 59 7
3 58 15
10 97 15
8 17 43
x
9 12 3
12 14 16
15 34 1
14 17 42
12 29 5
9 4 15
8 12 34
6 77 41
6 20 43
x
x
7 86 37
10 73 40
4 29 19
11 43 1
6 17 6
9 61 39
6 95 35
13 3 11
0 41 20
1 56 34
7 97 8
9 52 23
8 18 27
14 60 22
12 58 13
2 46 9
2 26 43
8 61 22
15 2 16
11 68 29
2 44 16
8 0 28
10 37 16
4 68 31
14 22 26
x
4 2 33
0 74 44
3 27 42
8 19 11
5 91 32
7 59 42
13 86 24
14 87 9
2 49 9
4 51 38
13 91 24
7 91 5
x
7 3 37
1 2 41
7 84 44
x
x
10 96 9
7 45 1
3 30 29
15 10 28
9 24 34
x
15 78 30
4 77 35
4 0 40
11 83 16
2 64 9
10 41 11
x
5 28 2
x
14 8 5
0 93 28
12 38 8
15 47 17
14 37 8
5 33 0
x
x
x
9 19 11
4 10 7
x
0 38 17
3 39 43
x
14 0 3
3 23 34
10 49 16
8 9 40
x
3 13 32
3 38 37
x
8 94 3
x
14 6 23
x
13 2 27
x
0 96 16
15 41 3
12 35 0
0 9 7
6 0 34
11 9 3
10 92 37
1 41 11
0 88 25
12 9 36
3 47 16
13 1 11
9 80 43
x
10 2 18
8 50 36
12 77 34
x
x
6 90 1
0 71 3
x
6 12 10
x
1 8 35
8 55 41
8 82 31
3 67 43
3 98 32
15 6 36
x
8 81 22
10 40 29
2 50 42
3 54 6
5 22 11
1 70 22
14 52 18
2 12 19
x
x
2 8 17
8 72 42
8 75 29
5 95 23
11 1 35
12 69 13
8 38 31
x
8 87 15
x
7 81 14
4 86 5
x
0 11 32
14 71 16
13 65 24
9 0 41
6 87 20
6 82 3
2 79 27
3 0 0
12 40 20
x
8 16 7
14 13 19
10 69 19
15 92 5
5 2 26
x
x
7 51 12
7 35 37
14 66 12
9 56 2
5 5 13
1 73 24
12 96 20
13 8 17
1 33 33
11 20 5
10 77 19
5 18 30
11 46 32
x
x
9 72 38
10 7 0
3 90 42
7 36 7
x
8 58 2
x
10 13 42
1 18 0
11 0 39
13 51 29
0 19 22
0 24 35
x
x
0 0 38
x
1 55 44
3 73 20
12 28 27
1 30 12
x
4 88 39
x
7 79 36
0 75 42
5 68 10
x
9 77 32
x
x
3 7 18
12 43 36
x
3 31 37
3 11 27
2 83 30
12 85 7
14 12 16
x
10 1 38
13 18 24
x
5 10 13
9 28 18
9 15 11
15 18 21
3 74 38
x
x
9 90 16
6 25 32
x
8 66 17
x
1 92 29
7 69 18
12 74 3
4 57 9
10 24 18
14 99 42
0 94 12
7 13 5
14 64 27
5 0 25
2 75 36
12 63 18
9 63 13
9 37 34
10 88 40
15 37 42
9 68 19
13 39 17
10 86 30
x
11 63 43
3 44 17
4 61 17
15 32 19
5 11 15
x
4 53 33
7 41 30
15 71 39
9 34 43
5 85 32
6 80 24
1 37 33
14 43 17
15 68 20
11 18 19
15 85 9
7 94 6
x
11 72 13
0 57 32
x
2 92 36
9 66 6
12 72 33
3 53 22
x
11 30 17
8 63 32
0 28 36
8 10 19
x
x
4 98 23
5 53 4
10 0 15
6 56 36
11 15 18
x
5 54 3
15 51 43
2 52 3
9 7 24
x
15 22 31
7 62 1
5 76 8
4 65 30
15 84 37
x
0 6 32
4 85 23
10 79 40
x
2 68 32
x
13 60 32
0 52 31
12 44 41
6 66 38
8 35 43
x
8 60 41
15 0 30
6 61 5
10 44 22
13 43 1
0 48 41
3 50 19
7 19 21
3 82 3
3 60 0
12 92 17
10 29 40
x
7 43 16
x
2 96 40
12 0 35
x
12 48 15
x
x
14 65 43
4 95 10
1 45 7
1 49 25
15 94 3
4 18 14
5 57 30
1 22 7
15 96 10
8 3 32
11 38 35
x
0 78 9
6 34 14
0 60 4
15 15 0
x
x
7 17 16
13 28 40
4 81 30
2 6 30
10 8 26
x
0 65 34
x
9 1 14
12 82 4
9 43 44
4 74 31
11 73 33
x
13 13 6
0 33 25
9 98 34
2 88 30
12 21 24
13 56 1
0 1 13
6 9 41
7 9 39
7 0 2
x
7 24 10
13 89 38
14 73 21
x
4 41 15
14 78 33
5 78 24
0 62 37
8 92 26
x
6 39 0
12 52 4
3 20 33
6 53 14
4 46 16
4 42 9
15 57 30
3 79 34
11 28 14
5 24 14
1 10 14
4 6 14
1 66 27
14 82 25
1 78 31
14 28 18
7 63 39
13 79 2
11 49 18
x
8 73 39
4 20 43
5 1 23
14 30 28
x
11 54 19
13 22 24
9 32 22
x
9 85 5
2 74 8
x
5 45 20
2 21 18
x
8 77 40
11 24 0
5 40 32
x
x
14 76 17
10 31 28
5 60 11
4 45 33
x
x
14 47 22
5 50 17
0 83 32
x
11 59 32
14 40 42
1 7 31
7 37 25
11 35 17
15 9 21
0 44 4
13 34 34
4 91 6
4 30 15
4 72 0
5 12 6
x
2 2 41
1 38 6
6 47 25
0 68 16
6 49 17
2 42 9
0 55 17
2 33 16
x
5 39 16
14 1 43
14 55 2
8 31 24
1 28 5
x
4 24 40
9 92 25
x
x
9 67 25
5 13 6
2 30 30
1 36 3
x
5 73 32
0 43 39
14 56 1
14 45 13
1 89 26
0 14 21
1 82 2
8 99 30
10 18 25
x
13 98 1
2 0 25
x
x
7 28 1
12 68 33
3 19 25
11 19 24
7 47 34
6 84 31
7 38 22
6 6 18
1 62 22
x
x
1 0 37
x
x
7 74 41
15 59 14
3 85 42
2 56 2
12 5 20
4 64 41
15 63 2
11 71 23
5 93 38
7 56 44
11 12 44
6 8 33
7 8 22
9 50 6
2 62 18
12 24 21
10 83 17
2 87 13
x
8 48 5
1 97 33
9 75 22
8 84 43
x
10 64 38
0 77 1
3 95 1
12 22 24
6 76 26
8 36 4
1 85 29
7 57 15
11 3 33
5 86 24
8 40 31
3 36 39
4 35 13
x
13 70 1
3 65 6
13 73 23
13 93 15
1 40 2
12 33 34
6 30 25
3 5 21
6 59 38
13 83 30
11 32 4
8 85 44
12 16 3
13 11 40
13 0 7
8 23 4
x
x
8 27 20
6 70 18
14 91 17
1 13 20
x
8 45 30
13 49 44
x
9 95 1
11 88 11
x
15 27 34
5 65 8
x
11 6 29
x
x
12 42 33
x
x
5 84 12
11 93 43
14 95 44
x
14 34 6
14 3 35
15 43 24
7 85 32
10 67 11
6 43 38
2 16 4
10 56 30
10 54 3
15 88 35
1 42 1
7 67 25
6 35 29
11 79 38
2 38 11
12 55 36
3 2 6
7 32 34
x
15 75 11
12 90 44
13 29 3
11 96 40
4 13 14
4 75 2
12 51 11
0 54 6
9 46 14
