5 80 0
11 52 27
8 59 5
4 24 17
x
11 86 3
0 33 44
6 17 14
0 24 37
5 16 14
8 75 5
2 10 21
6 29 41
13 52 38
2 65 40
9 21 23
6 6 31
12 72 27
0 0 44
x
14 70 5
13 49 44
11 79 14
4 58 29
4 73 41
8 24 30
15 21 30
x
x
x
11 4 32
11 69 37
6 86 1
2 13 36
5 76 10
x
2 76 37
0 31 40
x
14 78 38
11 74 17
1 56 6
4 90 23
x
x
0 70 13
8 79 23
5 94 13
12 63 7
0 44 44
11 10 42
x
1 37 8
3 38 15
15 36 16
10 28 5
x
13 22 12
4 99 7
x
0 65 28
2 75 9
6 39 9
6 76 40
8 93 5
13 18 10
10 97 20
2 56 33
11 35 42
12 96 12
x
1 10 20
6 58 16
4 14 8
15 73 44
7 44 10
10 24 35
11 68 5
15 71 34
x
12 29 15
9 84 44
10 32 11
5 14 25
4 0 25
6 1 30
12 50 35
13 95 0
6 41 1
10 4 42
10 85 0
2 9 1
14 16 21
10 90 21
3 65 33
7 53 27
x
10 50 36
12 19 6
x
15 87 29
14 68 41
12 36 11
6 78 12
15 57 37
14 3 13
1 52 11
x
x
x
13 88 8
12 43 33
0 11 42
3 6 27
8 12 37
11 81 35
14 77 11
1 68 7
14 52 7
1 88 34
10 53 24
4 78 41
12 57 34
x
x
x
x
12 10 25
14 93 37
x
14 28 24
0 43 26
2 51 22
10 83 29
7 38 34
6 81 39
x
x
9 66 2
x
2 44 4
x
12 7 40
x
8 66 3
7 96 34
9 38 41
x
3 33 26
6 24 15
4 67 11
x
0 98 0
1 28 21
1 64 3
x
0 81 10
0 75 32
5 50 3
14 24 4
1 62 32
0 53 9
3 36 11
8 72 17
15 0 36
12 53 17
0 14 9
14 76 31
1 41 10
6 88 28
10 40 5
4 19 29
x
7 37 28
15 64 44
7 81 10
x
x
2 22 33
13 73 30
15 26 7
x
13 34 11
3 61 2
12 4 12
9 80 18
15 13 17
8 43 27
12 92 27
x
x
x
1 40 13
13 69 31
5 69 30
10 58 40
13 86 27
7 84 5
13 91 21
5 25 33
3 51 14
x
x
1 96 44
4 86 23
x
11 1 25
15 4 26
x
11 62 44
5 0 24
x
0 16 36
x
x
1 31 13
x
8 3 4
3 58 0
x
9 75 18
8 17 39
12 32 9
14 99 1
2 50 27
x
8 41 37
x
7 7 32
14 30 23
3 80 43
14 85 44
10 61 26
x
13 79 18
5 21 3
15 89 26
0 27 6
7 61 40
0 12 11
x
x
2 17 40
10 9 40
x
x
1 14 0
10 69 15
4 51 2
12 15 32
x
1 55 29
0 89 25
7 16 25
15 15 12
5 93 43
x
0 84 25
0 63 7
x
7 77 40
x
4 29 6
8 25 41
14 61 5
7 35 36
3 54 43
12 22 18
5 10 21
2 46 35
x
3 53 43
x
9 68 30
x
1 77 40
15 32 39
6 61 1
11 63 11
6 37 1
x
x
1 19 32
11 83 17
4 41 10
11 29 34
9 92 17
4 33 24
10 44 13
12 47 1
9 28 37
0 74 16
7 40 37
x
5 73 17
5 5 33
7 59 11
11 30 6
x
6 34 0
0 41 4
14 0 31
7 66 41
2 31 16
x
14 73 35
6 95 28
4 10 41
x
x
1 0 22
3 0 44
10 2 30
x
11 28 21
2 83 10
7 45 34
8 99 8
0 7 29
x
11 22 40
5 47 20
9 16 9
5 45 16
12 25 24
2 87 29
0 4 6
6 63 33
12 90 21
14 43 31
13 13 9
x
7 11 2
x
12 81 44
x
14 31 32
8 36 31
8 84 42
3 59 1
15 9 15
2 7 37
5 87 12
0 36 35
7 2 31
6 43 26
2 4 5
x
0 91 28
x
6 89 13
6 9 7
11 95 6
13 8 40
5 84 37
14 56 33
5 39 28
12 77 15
3 67 30
9 95 42
13 2 13
3 85 24
5 86 4
x
9 62 4
8 29 2
13 58 11
12 98 7
x
11 18 39
7 0 34
8 47 17
6 55 40
10 14 4
6 45 15
x
6 50 22
9 13 18
1 49 36
14 7 31
9 70 35
3 1 34
9 3 6
x
x
15 86 43
x
x
15 46 25
14 12 30
x
x
3 24 1
3 78 29
4 92 13
x
x
4 45 2
9 30 5
x
6 84 35
6 12 38
2 27 34
1 93 0
11 14 21
x
x
14 59 8
11 64 23
3 15 5
11 2 37
13 80 16
7 69 17
1 44 23
10 65 44
11 57 12
5 34 7
10 51 10
1 33 2
1 73 10
3 44 20
x
x
x
0 48 19
2 79 35
7 52 35
9 57 4
1 5 23
1 50 18
9 46 33
4 54 1
x
10 38 26
0 58 8
15 78 0
7 24 35
x
6 92 22
0 77 35
15 50 28
4 2 21
5 12 10
14 47 5
2 95 16
14 1 1
7 72 7
x
14 80 37
x
6 19 31
15 53 27
14 20 44
2 62 13
12 46 23
0 20 34
15 93 34
x
9 0 23
x
11 39 4
x
4 49 11
8 92 31
9 49 34
14 34 4
x
x
15 33 22
3 11 32
x
0 96 2
x
5 29 37
6 77 40
15 85 7
0 52 7
3 19 19
12 61 7
3 43 29
2 70 12
9 77 15
10 74 23
x
14 64 36
9 52 44
3 40 40
4 91 31
14 65 8
4 64 5
x
13 62 23
x
9 25 4
15 59 22
x
15 49 27
x
x
10 30 42
13 28 40
4 7 9
2 49 21
3 90 0
x
11 0 25
11 43 38
8 87 38
12 69 35
8 54 38
8 58 38
7 55 44
6 67 9
7 29 35
6 53 26
13 6 13
0 5 41
10 77 26
x
x
13 43 40
14 86 14
8 40 43
5 95 10
15 42 28
x
5 68 1
0 21 29
2 74 18
3 23 20
8 52 2
10 0 20
4 95 28
2 37 20
11 34 2
x
13 84 36
x
12 48 4
6 0 42
2 40 3
11 7 41
10 49 10
15 68 9
15 2 42
10 96 30
2 42 24
11 44 20
5 53 36
12 86 38
10 18 39
1 22 14
12 42 18
5 55 41
x
6 72 29
6 8 29
13 38 41
1 83 34
x
5 66 28
1 80 19
13 4 26
x
7 89 4
13 66 16
13 0 7
3 28 30
6 79 19
x
4 69 12
5 82 12
15 39 37
3 96 20
9 8 22
2 33 31
11 90 38
6 36 35
8 21 32
x
14 90 6
8 63 40
x
x
2 91 2
5 60 18
15 96 4
9 43 22
12 0 38
12 66 32
10 37 37
14 38 15
11 48 10
x
5 63 9
15 43 15
0 49 35
13 10 33
12 83 9
2 0 15
3 50 30
8 61 19
7 92 20
8 31 18
4 83 27
13 56 9
x
9 35 13
5 1 2
x
7 48 18
7 20 14
5 70 34
8 9 26
5 78 18
14 45 43
8 0 34
3 95 39
15 16 19
13 30 34
3 73 5
9 90 43
15 84 26
9 24 33
4 36 32
