7 38 3
5 7 17
1 15 21
1 67 42
12 90 39
2 91 21
0 26 37
7 82 12
x
11 20 29
7 20 44
x
8 67 21
x
2 23 35
8 77 0
4 45 24
12 1 43
9 96 34
x
3 29 8
x
9 32 36
6 53 28
14 11 21
1 62 16
12 64 21
x
x
13 50 1
14 38 38
12 45 38
x
11 52 25
12 34 35
14 59 36
9 29 2
13 11 4
1 89 9
12 18 37
4 52 15
13 36 24
11 68 5
10 91 43
14 3 13
7 58 12
2 50 17
4 24 44
10 2 18
3 10 37
10 78 22
6 76 16
2 37 28
1 4 8
2 70 9
x
10 31 40
13 30 11
1 3 22
15 90 36
5 72 37
6 0 20
x
x
11 1 17
6 1 33
14 16 8
8 3 40
6 23 29
x
12 92 21
10 96 2
11 6 22
12 84 13
x
13 80 16
10 44 8
15 85 5
4 31 15
x
5 53 31
8 62 34
7 96 31
3 19 42
1 28 18
14 23 32
5 25 37
3 76 22
7 54 34
5 67 18
12 10 31
4 78 6
x
1 34 1
13 2 21
4 89 40
0 68 9
x
x
6 10 33
x
2 46 23
13 3 39
x
2 63 22
15 61 9
13 13 9
2 13 39
8 92 12
12 69 15
3 73 19
6 27 38
8 1 10
3 13 25
15 95 37
14 49 44
3 53 14
14 54 33
12 96 20
x
11 41 43
9 84 21
12 60 26
12 20 30
2 86 24
0 86 17
0 41 3
x
9 56 18
4 4 25
x
x
11 12 43
6 65 32
x
x
3 39 30
1 56 0
x
11 38 23
12 82 38
x
3 61 24
x
10 10 29
9 44 5
7 44 16
0 43 34
x
11 86 39
0 57 12
x
8 35 14
x
1 57 33
4 6 36
5 97 11
x
11 79 3
x
10 0 0
3 81 14
2 62 24
6 62 1
15 40 26
9 25 1
15 78 22
x
7 35 20
14 0 11
x
x
0 81 5
0 11 34
6 58 8
10 49 10
13 61 34
8 84 43
x
4 84 7
x
x
14 73 40
1 70 30
x
x
x
x
9 67 44
1 52 28
2 79 34
x
6 82 40
1 19 13
3 65 22
7 40 23
4 71 18
15 32 41
14 65 19
3 90 10
13 28 32
x
x
10 55 26
x
14 92 30
x
4 96 5
12 0 17
8 0 19
5 24 25
11 28 43
2 33 21
0 44 40
0 92 43
x
15 49 25
8 72 27
x
11 9 31
7 24 21
9 70 42
x
x
0 34 36
x
15 47 19
11 31 5
x
5 93 5
13 73 8
6 83 20
1 96 37
7 48 30
x
x
8 53 36
2 2 17
x
13 81 26
x
11 46 23
2 81 44
14 81 35
x
10 41 24
5 39 20
8 93 0
6 50 29
8 79 28
15 73 31
x
13 20 14
0 77 21
8 9 37
13 29 29
x
x
7 56 19
2 74 23
14 69 20
11 82 16
x
x
7 90 31
1 17 42
8 88 32
8 27 7
x
14 88 33
8 59 20
x
1 23 3
14 4 1
15 67 14
x
x
10 37 13
9 66 5
2 39 0
14 35 22
14 99 3
x
4 49 18
6 78 32
1 6 42
3 7 28
10 59 26
7 92 24
x
7 12 32
x
5 12 4
6 34 41
12 79 31
0 4 37
x
2 19 39
0 35 25
12 27 12
0 74 6
7 50 6
x
10 5 22
10 27 10
x
6 18 17
x
x
15 80 13
14 6 33
13 35 39
2 28 13
3 54 15
x
x
0 29 34
0 16 23
5 21 12
15 65 31
8 41 38
15 0 9
x
x
x
15 86 38
6 6 34
11 96 1
8 99 42
x
3 95 30
1 73 14
12 74 17
3 46 4
11 25 44
1 81 1
3 32 24
5 79 4
9 39 17
0 90 5
15 57 16
0 32 23
6 88 18
8 13 7
10 73 13
8 25 43
2 30 1
x
4 91 18
13 0 44
8 50 6
0 97 13
5 61 20
4 25 7
3 59 22
3 43 10
x
8 37 43
4 73 39
10 62 4
x
3 67 33
8 58 34
0 75 26
3 26 35
x
15 14 5
0 52 28
5 33 40
14 94 37
5 28 13
7 0 4
0 54 35
x
13 15 9
0 22 23
10 7 0
x
14 77 34
7 77 12
x
2 95 12
7 84 39
8 21 30
13 66 6
6 9 5
1 92 13
13 56 37
4 56 0
x
5 89 22
2 41 18
10 19 18
x
14 78 44
7 30 5
0 9 27
15 27 12
10 83 31
15 24 19
x
9 34 17
4 59 27
13 70 39
15 37 10
6 84 44
4 35 41
14 90 37
13 90 42
0 83 9
2 54 14
8 46 10
x
9 80 22
14 19 23
11 61 5
5 34 15
10 15 38
7 69 18
9 4 2
x
5 56 43
x
7 51 2
9 24 8
x
10 18 26
2 56 25
3 2 34
5 19 0
14 41 11
9 61 30
13 1 29
15 52 17
x
x
12 55 36
x
10 52 38
7 73 23
6 93 14
11 56 24
5 87 14
x
9 16 27
3 58 4
3 21 25
8 85 1
2 65 22
4 41 6
15 9 34
9 48 44
9 92 0
x
14 1 30
5 77 1
9 51 39
15 51 21
7 9 31
14 30 9
15 18 30
x
x
6 14 5
10 70 37
1 63 16
0 12 38
x
x
x
8 60 11
0 49 6
7 64 15
11 91 21
5 78 22
3 36 8
7 89 23
8 17 18
9 21 1
13 49 20
4 46 21
5 94 30
x
0 13 32
14 64 33
9 75 36
x
x
6 30 22
4 1 32
3 38 18
x
6 44 30
6 15 13
11 69 42
9 1 38
1 55 37
4 79 35
3 86 19
3 0 24
x
13 83 1
0 25 30
x
2 49 0
5 6 1
9 0 27
0 64 10
1 42 12
5 16 20
6 43 38
13 96 2
1 10 7
15 42 35
14 28 33
3 50 9
11 18 18
6 36 0
13 44 30
14 44 10
2 8 21
13 86 4
7 43 42
12 36 41
x
13 25 41
9 43 1
10 24 1
13 79 14
6 77 31
4 64 23
0 88 22
13 51 1
1 86 41
5 5 4
4 10 33
7 18 41
7 61 15
2 6 35
15 84 3
x
13 22 17
0 48 40
1 7 9
4 29 10
x
4 33 10
5 45 4
2 0 9
9 8 35
x
4 66 2
5 66 27
x
2 16 34
13 8 26
x
12 50 0
8 30 0
4 0 10
x
10 67 22
x
15 71 6
0 94 1
15 53 24
x
9 11 35
x
x
11 48 23
x
10 88 38
11 74 13
12 29 32
1 30 39
0 17 2
11 0 9
6 72 25
1 40 8
14 51 34
13 41 20
4 18 3
x
12 6 9
1 45 3
x
11 35 14
0 0 37
12 42 42
8 2 37
6 67 38
7 14 18
6 87 0
5 0 0
5 30 42
15 22 40
1 49 31
3 40 38
7 5 18
10 40 9
6 41 4
1 77 24
15 3 17
12 15 24
9 90 34
6 46 30
5 84 41
12 25 31
13 92 41
5 49 30
4 14 25
8 10 23
x
8 23 0
9 54 2
1 0 38
6 8 34
x
6 96 10
0 59 31
14 86 17
6 81 30
x
7 26 34
