x
8 63 22
15 29 35
12 21 15
5 6 31
3 81 5
0 44 2
14 50 16
12 67 28
0 58 3
15 52 28
10 1 36
2 66 28
10 45 17
6 25 31
x
8 92 34
7 67 15
3 45 26
3 51 14
4 24 10
10 79 16
0 17 32
10 18 22
x
12 81 7
1 22 4
x
15 18 39
x
x
0 68 20
1 80 12
15 57 30
13 86 1
0 85 10
7 80 11
5 1 19
2 27 21
15 41 10
9 24 20
5 68 10
10 0 20
12 96 4
x
9 54 3
5 59 35
12 79 19
1 91 2
2 5 11
11 19 9
13 0 39
8 49 12
8 58 32
3 27 20
0 0 38
0 80 19
4 85 34
15 15 10
13 95 42
14 55 8
3 58 30
14 12 26
1 55 39
x
4 52 39
12 45 2
x
6 41 24
x
10 68 37
x
0 2 1
14 74 40
14 14 28
15 14 9
3 77 0
2 20 16
12 77 24
1 44 19
x
5 39 23
6 8 33
9 0 41
x
15 4 22
8 34 34
x
15 70 40
9 49 30
6 0 18
x
x
5 95 4
x
8 23 19
2 95 3
4 41 20
13 56 32
3 6 43
2 30 13
7 51 9
7 11 38
13 79 15
13 76 15
8 87 8
1 98 24
11 90 32
x
x
4 4 36
7 58 28
2 23 12
12 49 33
11 85 8
5 13 13
15 32 19
7 6 25
7 16 23
11 61 9
x
10 74 7
x
4 95 15
6 61 5
1 62 40
8 9 34
4 75 24
9 81 4
4 42 24
x
12 90 25
3 13 4
13 1 4
8 1 1
x
15 92 4
10 83 37
x
8 54 34
x
13 40 3
x
9 45 44
6 56 42
x
2 32 3
6 38 31
5 15 30
0 35 2
7 92 44
8 68 14
2 64 9
0 12 42
12 63 15
0 21 25
x
x
9 7 15
x
3 25 35
5 73 23
15 51 31
x
15 16 40
7 36 34
12 2 42
x
6 86 19
0 5 5
11 0 16
0 76 39
4 29 31
5 45 4
5 34 26
5 85 24
x
x
13 22 15
11 46 19
x
8 10 3
15 61 31
10 71 25
x
7 88 15
0 15 4
10 64 31
0 97 24
x
12 6 2
0 52 1
2 78 25
11 8 0
3 39 31
13 45 40
0 49 8
10 59 44
5 50 41
1 40 2
5 22 19
3 68 13
x
0 54 43
x
15 12 30
5 0 30
x
11 18 23
x
x
0 30 35
x
14 19 21
13 6 21
2 76 43
0 74 33
1 82 35
9 66 37
x
x
x
10 88 4
3 0 39
x
4 0 12
13 53 36
5 9 5
6 17 31
2 21 26
10 7 35
8 19 15
12 29 22
x
x
15 0 14
8 94 40
4 71 23
x
3 73 30
4 64 11
14 0 0
8 41 12
15 36 29
11 33 35
8 84 11
x
14 81 20
x
x
10 54 44
6 6 8
3 85 33
1 11 10
0 19 18
3 95 21
x
1 34 13
13 43 9
7 83 8
7 46 23
11 23 6
x
5 88 44
x
2 74 20
x
9 71 14
4 45 4
4 56 44
2 17 20
7 35 11
x
15 75 11
1 0 10
x
7 0 8
x
x
6 79 15
x
12 73 33
12 70 9
3 22 35
12 33 40
7 25 35
14 90 28
15 72 6
10 84 39
15 47 37
13 74 32
3 36 42
7 61 20
x
x
14 45 44
x
7 54 15
x
x
6 66 22
15 91 7
13 34 30
x
1 76 37
3 91 10
5 17 31
1 87 23
x
2 14 22
4 18 40
x
x
x
3 50 8
7 29 30
13 64 26
7 94 11
10 92 41
13 88 38
11 12 17
11 58 11
1 56 36
x
x
3 53 4
3 65 5
x
14 99 41
6 45 7
12 54 13
0 89 35
9 95 30
9 57 13
10 24 3
15 24 20
8 20 3
x
8 31 42
x
1 30 27
x
1 49 27
6 47 30
4 31 31
1 28 2
x
10 37 35
2 39 32
14 64 30
8 16 24
10 42 29
4 58 22
14 79 10
13 3 41
2 70 43
11 38 31
6 51 2
14 65 33
3 1 42
x
9 37 37
x
15 43 35
8 60 36
15 77 19
2 79 19
7 23 41
7 50 10
x
x
3 30 12
x
5 31 34
4 47 27
4 15 32
8 72 33
7 77 38
3 67 14
13 17 44
x
10 26 25
13 90 34
12 15 36
6 21 29
0 48 31
x
14 93 20
13 50 27
4 36 32
12 74 15
6 81 4
8 37 29
1 74 44
x
x
15 90 30
14 70 12
15 85 20
3 10 31
6 39 28
9 14 9
12 11 44
6 72 25
2 49 36
12 92 8
3 59 32
x
15 22 16
15 48 27
7 65 33
9 28 29
6 12 19
6 96 26
1 7 25
14 35 21
9 67 38
3 75 37
5 46 10
15 96 17
0 25 41
1 69 32
14 43 21
x
x
14 86 41
10 38 32
4 90 0
13 69 25
9 75 15
4 7 2
x
x
x
11 51 2
9 32 3
13 29 28
x
x
x
2 58 14
15 65 23
3 87 38
2 53 41
x
7 40 29
x
7 26 42
x
11 93 41
8 78 18
1 64 2
9 19 13
6 76 19
6 34 26
x
9 86 26
8 15 10
1 4 43
x
7 1 38
14 30 13
5 78 26
7 33 38
1 15 17
13 82 19
x
14 6 39
8 51 43
9 77 35
13 12 43
6 15 1
3 40 19
7 41 36
x
13 49 31
2 9 7
2 83 18
x
0 43 34
12 8 38
6 30 24
x
13 14 18
12 42 43
7 72 25
10 4 16
3 38 29
11 43 7
15 33 8
x
9 10 43
10 49 4
5 28 26
14 22 24
7 20 33
2 22 1
5 23 41
x
11 83 29
8 25 34
8 75 34
12 48 16
11 29 15
11 68 29
8 0 20
0 41 13
x
x
x
2 62 14
11 79 11
10 31 16
11 73 0
x
6 89 22
x
4 80 10
11 96 35
2 0 0
5 63 35
8 27 15
13 5 11
2 90 44
13 28 21
5 93 42
2 63 17
6 35 39
7 53 36
11 28 8
15 45 24
12 4 41
15 79 44
5 80 33
8 99 44
2 44 22
12 39 43
12 82 44
13 80 15
x
11 56 7
x
5 5 18
x
0 33 0
0 11 30
14 28 31
x
10 40 15
9 92 21
9 2 12
x
2 52 31
8 3 0
14 52 41
3 19 12
7 5 39
12 24 7
4 66 11
5 84 16
13 67 43
14 3 2
x
12 0 26
13 59 23
13 37 26
9 90 28
6 91 20
3 89 6
x
10 96 6
15 84 40
14 60 26
11 4 31
x
3 96 36
5 54 27
6 67 27
10 51 38
12 43 15
2 24 20
15 9 20
0 63 12
10 12 28
12 17 36
12 36 1
1 18 33
x
0 93 21
x
12 80 36
4 10 15
11 69 11
x
x
15 93 29
13 62 22
2 36 44
2 87 23
x
8 93 30
1 96 29
2 10 14
7 95 34
8 46 38
1 94 34
13 8 7
x
5 7 42
6 68 44
0 6 31
14 8 15
x
14 40 35
2 18 36
1 67 15
x
2 8 41
x
12 59 23
9 60 6
9 43 17
6 55 38
0 20 35
12 85 32
x
