10 29 9
2 74 4
0 8 21
x
9 90 18
5 32 38
x
1 25 30
2 45 31
x
0 0 24
8 37 28
x
12 23 9
x
6 20 39
9 64 17
14 70 6
13 61 30
6 30 16
7 87 12
x
x
x
2 2 6
10 35 28
x
x
8 1 36
13 9 3
3 2 35
3 84 27
7 4 39
6 34 19
3 16 28
0 57 40
x
9 0 41
x
x
9 43 15
13 73 4
13 80 18
0 76 1
11 65 28
9 50 38
9 35 14
3 38 33
5 18 43
4 57 11
4 19 22
6 6 36
14 96 19
3 0 39
7 58 23
4 24 43
10 24 20
8 43 4
5 2 17
x
15 78 22
11 18 25
9 24 20
10 96 19
3 19 4
12 69 23
6 2 18
10 86 34
x
7 32 38
11 48 24
x
14 47 17
x
x
14 91 40
12 0 11
12 90 44
15 70 35
12 65 42
15 42 37
12 44 13
5 50 20
1 41 7
12 63 14
x
8 5 25
x
5 59 0
x
5 13 16
0 50 13
0 61 13
2 62 35
1 60 43
3 43 41
8 13 24
11 0 34
10 49 43
7 16 17
4 34 1
13 28 32
2 40 34
14 3 6
x
6 92 3
8 78 31
15 10 20
4 45 1
x
4 60 30
x
8 72 34
11 60 35
x
7 38 11
13 50 20
2 16 36
x
5 87 13
14 55 23
x
6 9 21
15 50 24
0 31 42
1 43 36
6 99 1
8 28 32
14 4 33
2 38 4
x
7 55 12
x
7 13 31
9 21 8
10 14 28
11 16 14
12 40 8
x
9 83 13
2 88 35
6 13 19
10 60 25
x
1 87 41
10 31 31
10 63 34
8 0 34
11 43 16
11 6 24
12 9 35
9 47 16
3 50 10
13 24 24
13 51 25
12 54 30
x
10 2 5
9 56 16
15 13 36
0 90 3
3 67 10
11 29 27
10 91 10
7 27 14
11 90 16
11 30 12
14 31 17
8 88 34
11 45 15
x
2 79 4
12 96 6
4 36 14
x
x
2 83 34
15 58 22
5 68 7
13 88 6
5 24 23
x
12 32 37
9 86 14
14 60 34
6 16 36
1 66 23
6 70 39
15 92 31
x
1 71 3
3 29 11
8 9 26
13 16 1
13 49 23
14 40 21
15 36 20
6 87 27
10 44 4
0 53 15
14 39 38
11 96 30
3 5 3
4 86 44
4 64 25
5 66 27
15 35 12
6 52 39
7 62 21
7 73 41
7 57 5
x
x
x
6 76 40
7 20 9
8 52 14
4 70 4
1 40 43
15 5 6
0 29 12
2 90 34
0 36 22
x
4 29 35
9 26 35
0 48 42
x
1 95 4
12 99 3
x
6 8 25
1 35 14
2 94 10
3 15 2
x
13 96 27
x
9 59 18
13 57 15
5 93 2
15 98 31
x
5 76 21
4 92 2
7 83 28
7 43 7
6 59 18
14 80 7
11 37 10
0 68 10
15 55 30
11 46 16
15 61 27
1 99 19
9 91 4
6 48 0
9 94 18
x
x
14 43 8
12 82 26
15 38 42
x
13 40 0
10 37 13
7 67 43
14 18 7
15 21 5
14 33 44
13 79 37
8 62 38
3 73 3
1 55 25
2 57 23
15 32 3
14 99 43
10 83 9
9 92 23
3 33 12
0 65 44
2 56 0
3 54 26
2 21 22
x
4 26 3
4 97 6
x
x
11 89 21
5 36 18
10 13 36
11 70 44
13 59 14
4 46 5
x
13 86 29
1 18 5
10 52 38
6 0 44
2 49 31
x
15 89 20
3 58 44
2 34 7
7 76 43
13 68 14
8 48 29
0 85 20
10 97 18
5 95 42
12 92 28
3 31 3
0 80 40
4 16 18
7 96 20
6 56 2
15 57 31
7 35 24
x
7 90 7
8 54 35
11 1 6
x
9 75 19
0 43 34
0 92 25
14 83 43
10 85 35
12 30 1
14 75 9
1 0 2
8 93 24
15 65 7
15 59 24
3 24 25
9 39 0
14 87 35
10 57 29
14 94 9
15 74 23
15 68 28
0 23 43
x
2 26 36
8 58 5
1 12 2
10 22 35
1 82 33
9 99 34
6 27 28
4 0 39
x
2 24 14
1 52 39
2 97 6
6 38 5
6 78 32
4 7 6
14 65 36
3 89 26
4 81 5
5 0 14
6 85 16
6 82 25
12 42 12
4 30 6
1 50 25
7 15 31
2 52 7
13 14 40
x
x
7 6 19
10 77 24
7 1 11
9 13 43
2 31 3
7 61 11
5 61 0
4 53 29
11 11 21
1 77 20
10 42 28
12 36 42
14 64 37
3 45 42
11 55 41
x
13 20 31
14 52 21
x
5 6 23
5 39 19
9 53 15
x
14 1 35
x
x
7 40 20
x
x
x
7 52 2
5 84 25
0 14 20
5 45 7
8 41 14
10 40 39
11 24 30
12 87 12
8 33 44
7 10 37
x
10 67 25
12 4 34
12 26 22
8 63 7
9 79 5
10 9 17
12 77 15
13 35 6
11 83 14
15 47 6
13 0 32
x
8 73 10
9 5 31
15 0 37
0 98 1
3 91 8
11 79 17
13 47 12
14 26 22
0 93 20
x
2 7 34
x
1 9 8
14 14 25
1 22 29
x
x
10 4 28
3 77 20
2 69 22
5 54 11
x
12 49 44
x
8 21 21
15 18 39
15 27 19
1 28 8
3 36 29
4 6 7
1 45 13
3 65 18
2 70 39
x
11 85 1
12 11 11
8 26 35
3 63 4
1 92 42
13 10 31
5 81 34
x
x
1 62 41
4 17 17
x
x
x
15 9 17
2 50 26
x
x
10 0 19
2 51 2
5 29 24
6 96 21
x
4 37 33
7 86 38
13 81 39
5 41 17
7 0 8
3 60 12
4 41 35
8 99 30
x
4 90 3
13 1 5
15 84 29
5 73 22
6 69 28
6 22 31
7 79 30
8 60 16
0 83 34
4 78 20
7 56 3
1 73 29
5 82 41
5 1 24
3 53 7
8 65 2
7 70 39
4 75 26
7 51 39
9 66 9
9 30 40
10 71 18
11 19 20
7 74 19
x
12 58 2
12 73 34
7 22 12
9 16 22
8 74 42
6 74 21
11 32 27
10 76 0
1 4 23
10 94 10
12 16 42
9 93 44
11 69 42
13 4 38
3 82 6
10 18 30
x
11 68 19
11 51 16
14 50 5
9 2 16
11 94 43
14 0 18
15 45 8
1 15 19
0 22 13
x
2 0 25
14 32 11
x
x
12 93 8
11 21 14
x
x
7 95 32
13 30 29
13 65 5
x
4 3 15
14 9 44
x
12 86 38
15 16 20
1 6 32
11 41 30
0 74 3
x
8 80 16
14 92 22
13 42 20
x
0 28 40
4 12 16
12 98 30
13 93 30
12 19 25
3 10 10
4 49 36
6 64 10
8 92 23
1 68 43
x
0 11 3
x
x
14 21 40
3 39 42
5 21 42
9 70 16
15 95 30
14 35 34
8 10 34
11 28 33
0 17 7
7 63 12
5 5 39
13 6 36
8 18 29
4 68 35
5 10 18
1 57 2
x
7 9 29
15 72 10
11 74 6
6 43 7
x
6 31 15
2 12 9
7 29 11
4 4 20
15 23 41
0 4 32
8 84 19
9 10 33
7 48 16
x
8 69 38
14 28 17
13 56 23
x
1 31 0
x
2 67 27
8 40 37
2 96 43
3 96 42
