0 94 5
6 79 15
0 8 6
0 74 1
3 19 33
9 58 26
x
1 25 32
2 45 15
x
2 86 32
15 32 20
x
15 41 0
14 58 30
4 89 0
15 55 13
0 77 9
2 23 19
10 11 2
11 72 7
x
x
1 49 31
2 2 24
2 99 17
x
x
13 70 12
2 19 6
6 39 38
10 25 10
6 57 21
x
3 16 1
4 46 2
x
12 10 6
x
x
3 75 1
13 95 20
4 45 32
8 22 31
3 48 38
6 54 16
14 92 37
10 49 1
11 81 12
13 35 1
4 19 25
13 79 38
15 98 27
9 75 37
1 84 42
10 0 27
14 77 44
7 65 4
5 2 1
6 0 14
0 68 18
15 64 2
4 82 14
5 93 29
5 9 37
0 25 40
7 31 2
14 82 26
x
8 6 4
15 65 22
x
1 8 0
x
x
3 88 26
1 66 29
4 43 2
4 29 7
7 48 31
2 20 9
4 69 20
x
3 50 5
13 8 38
x
9 20 17
x
6 76 44
5 78 43
0 82 11
1 99 5
7 3 7
5 68 35
2 56 26
7 78 22
x
4 24 33
0 14 21
14 13 28
8 49 24
1 87 11
4 95 18
8 0 0
x
11 5 39
15 22 19
9 90 1
8 58 10
6 70 42
5 97 2
8 14 24
2 63 4
15 75 8
7 93 34
12 42 0
0 41 19
12 12 27
x
7 88 43
2 51 31
x
1 80 21
3 89 30
5 73 35
6 97 31
8 97 33
x
4 84 33
7 85 38
x
4 81 44
10 12 11
12 31 28
11 15 26
12 38 41
13 26 43
14 1 30
x
0 65 16
9 51 11
13 10 20
3 58 23
x
4 3 32
1 16 17
7 37 26
13 17 14
12 58 32
2 30 25
8 31 26
0 22 22
10 83 36
15 5 41
8 79 22
12 4 25
x
1 4 34
2 27 9
6 84 18
7 57 41
8 63 35
10 24 5
3 54 16
9 98 15
4 54 37
2 0 1
5 39 0
10 79 6
2 13 15
x
8 40 24
5 85 11
9 68 26
x
x
6 87 39
7 36 32
10 70 11
7 10 29
11 0 18
9 69 14
3 27 4
11 12 15
11 75 17
11 84 27
10 55 21
11 92 33
8 60 16
x
13 4 21
9 5 23
2 62 36
4 12 12
3 44 10
4 0 5
8 38 35
12 26 41
12 34 14
12 60 41
14 5 15
13 22 21
5 17 13
10 3 2
1 62 43
6 9 29
15 9 13
7 44 28
13 80 7
13 16 17
8 59 6
x
x
x
4 67 38
12 98 22
13 93 12
5 49 37
6 34 37
0 37 42
9 81 31
10 7 36
1 35 21
x
11 68 24
0 0 5
5 0 44
x
6 23 40
14 0 12
x
6 6 21
2 57 25
7 16 22
8 96 25
x
15 1 25
x
15 93 13
10 68 19
11 88 39
0 98 38
x
12 78 41
9 10 13
10 41 2
12 49 39
13 81 39
11 33 19
x
1 20 31
12 94 13
1 6 34
14 31 35
2 71 10
7 35 17
1 0 28
11 53 43
x
x
9 1 28
13 49 34
12 17 9
x
14 51 8
4 41 24
15 85 2
15 51 0
0 96 6
1 75 9
8 21 13
0 50 16
x
13 13 0
3 31 8
3 79 24
14 4 20
x
1 30 11
4 25 10
1 31 37
3 63 36
4 16 15
2 74 3
8 11 17
5 37 18
7 24 9
x
x
5 67 21
7 98 44
0 46 42
2 67 30
3 45 0
3 85 19
8 52 29
7 70 17
5 31 36
x
13 33 6
10 40 7
14 3 8
10 75 22
1 28 10
6 62 29
14 10 38
3 95 6
15 18 16
15 35 27
0 43 10
9 15 34
12 90 15
7 80 8
4 75 35
8 99 19
9 38 20
5 22 0
x
3 82 27
x
10 90 41
10 20 43
1 90 20
x
7 53 5
13 74 32
11 18 4
12 64 12
6 8 19
2 49 40
11 28 38
6 35 14
11 19 7
13 28 12
14 29 19
6 46 0
11 24 27
5 25 22
x
4 58 36
5 87 17
7 63 37
2 14 40
x
12 73 4
x
9 25 16
12 88 8
9 43 26
12 87 20
9 33 0
10 60 6
13 43 42
10 18 8
14 96 24
15 80 7
x
14 70 5
12 21 7
x
13 31 21
11 36 3
13 15 1
0 62 44
14 35 21
x
14 6 28
7 18 15
10 78 35
8 75 36
3 61 26
14 22 3
x
15 15 41
13 38 40
9 48 31
11 69 11
4 91 16
15 40 9
0 17 8
6 19 33
14 17 27
5 55 29
12 92 12
15 24 13
14 64 43
1 57 36
13 65 6
x
0 4 6
14 89 5
x
12 0 23
13 56 26
0 29 1
x
1 34 5
x
x
13 1 21
x
2 40 3
x
5 14 5
7 75 9
12 46 1
x
0 60 41
1 55 6
15 28 1
1 46 18
5 45 23
8 72 44
x
3 6 24
8 26 38
3 10 27
9 93 12
11 49 17
14 47 21
15 46 22
1 11 11
5 60 43
15 72 38
9 66 1
x
10 30 24
12 68 33
2 94 13
5 35 4
9 83 0
6 42 1
2 72 12
3 36 11
1 40 40
4 35 32
8 33 13
x
6 51 26
4 8 26
6 27 9
x
3 73 19
15 10 12
10 50 10
7 87 10
x
x
1 70 40
x
x
6 59 44
5 40 4
2 64 22
6 78 38
7 52 16
6 30 37
9 24 31
7 28 15
x
0 90 30
14 65 17
0 12 18
8 5 36
7 7 4
4 50 10
10 33 41
x
x
8 17 33
9 36 26
4 65 38
x
x
4 74 38
8 85 28
0 11 27
x
x
3 47 1
6 94 36
11 9 5
x
8 68 29
12 33 5
5 62 23
9 62 19
9 67 24
9 7 23
4 60 43
x
x
10 31 24
15 57 11
6 11 30
6 16 34
7 15 0
13 60 31
8 1 10
13 58 30
2 7 9
7 41 15
8 84 13
3 2 30
5 91 35
10 99 28
5 84 28
13 18 8
7 0 32
3 20 41
5 54 9
1 95 28
9 53 35
8 44 24
9 79 25
14 87 3
x
10 63 14
10 85 44
11 58 23
14 53 14
15 68 23
6 99 38
x
10 89 21
12 8 13
15 54 35
10 96 28
0 64 44
11 91 16
11 79 8
13 6 44
2 90 2
x
5 5 20
2 82 24
5 29 29
14 74 7
3 14 30
14 99 30
6 92 11
7 72 35
15 84 21
x
x
9 0 3
x
x
12 96 28
0 34 29
x
x
7 27 12
11 44 10
13 90 19
x
15 0 30
14 42 18
8 86 32
1 45 7
15 44 33
0 57 39
0 48 21
x
x
9 86 20
15 91 3
2 35 25
x
1 89 0
8 92 41
4 94 32
5 94 3
15 60 40
2 77 42
3 23 39
9 28 33
14 28 18
5 6 12
x
10 57 9
x
x
3 67 23
7 59 9
11 41 9
10 44 39
7 82 25
12 54 20
x
4 64 26
0 52 37
14 38 19
13 0 1
0 87 2
x
12 44 17
1 77 31
9 95 25
x
11 90 32
0 32 16
11 96 3
3 39 24
x
10 34 4
2 9 16
11 63 42
9 77 18
4 31 44
6 66 33
13 86 8
15 88 34
4 78 15
3 0 10
13 53 15
x
x
x
7 20 7
x
10 37 2
10 2 36
8 51 29
12 83 34
