11 84 13
11 73 11
0 24 42
11 92 27
x
x
x
7 87 1
15 84 16
x
8 74 40
2 36 2
12 49 13
10 56 2
5 87 37
5 45 29
15 32 37
0 89 15
11 86 15
5 51 17
10 59 27
12 14 0
1 76 11
0 35 24
9 69 27
4 25 37
x
x
x
1 75 13
8 59 26
x
6 8 11
6 14 2
14 14 16
7 61 34
x
13 14 0
13 58 29
1 18 38
x
0 12 22
6 48 39
5 19 36
14 64 29
13 97 43
7 89 15
3 53 32
9 47 38
0 94 4
1 86 16
3 73 17
8 30 19
7 85 23
14 3 34
4 13 22
6 95 37
13 36 34
6 94 39
5 39 4
4 95 10
6 47 41
0 45 30
11 18 44
9 15 31
11 34 2
x
x
x
11 90 29
4 77 17
7 8 27
x
8 3 30
7 51 8
5 18 37
8 67 7
0 52 19
10 37 31
9 58 27
11 14 44
15 21 24
12 69 7
x
6 49 38
x
12 73 11
1 95 2
15 49 15
10 72 15
14 58 11
3 36 38
0 74 39
3 59 3
1 55 41
11 25 29
1 43 13
3 38 27
1 78 39
x
x
4 29 39
15 78 36
6 13 37
12 63 31
x
7 71 40
4 15 32
x
15 90 22
15 18 14
x
6 46 27
1 81 30
12 57 38
x
14 52 34
8 86 22
x
8 10 6
6 76 3
3 13 8
2 29 10
13 50 4
0 68 5
11 38 13
4 0 0
3 8 23
4 35 26
x
2 24 13
4 41 25
9 76 1
15 47 25
9 0 15
8 95 12
3 65 10
12 90 7
7 67 30
1 24 43
3 39 7
7 78 6
15 75 5
x
15 26 8
11 5 32
6 18 15
9 43 43
11 59 15
3 41 1
2 10 5
7 3 30
10 24 34
4 52 38
14 20 32
x
2 33 9
9 33 37
12 82 33
3 46 21
5 58 21
6 0 22
1 28 26
x
12 96 39
14 77 35
3 79 3
13 28 30
0 97 1
1 3 25
x
2 64 38
14 28 36
12 0 44
2 84 3
15 33 40
10 67 9
8 99 0
14 93 4
10 8 6
x
13 79 9
x
10 89 40
8 15 5
0 31 12
9 91 24
8 44 30
2 26 28
2 3 33
0 4 18
14 6 7
6 57 28
5 67 19
x
6 61 21
0 49 40
7 73 30
12 65 8
13 74 16
7 15 16
5 60 14
5 28 39
9 81 7
14 16 13
15 11 39
9 75 25
5 54 28
6 43 19
x
9 24 28
x
6 85 32
8 19 30
x
2 50 8
7 38 21
6 52 31
7 83 9
14 49 9
5 52 15
9 85 42
12 22 27
3 67 17
8 2 6
6 34 2
12 26 31
8 53 6
6 29 28
2 76 2
3 89 26
x
10 96 41
5 65 28
10 18 9
9 11 30
13 10 23
2 44 4
14 41 40
13 2 34
11 68 44
10 26 38
x
1 29 10
1 67 5
13 66 20
1 49 18
11 61 28
9 20 31
x
x
4 26 33
x
11 55 39
x
11 19 6
11 30 24
4 80 43
4 55 23
2 39 33
2 96 11
x
14 86 15
x
15 95 7
1 20 21
2 93 18
4 1 20
4 4 27
3 25 3
0 48 25
1 62 11
x
15 36 7
2 52 23
14 65 3
12 92 27
12 28 31
8 58 16
x
14 46 7
5 64 35
0 86 31
6 10 33
x
2 62 25
3 54 35
2 12 27
12 42 40
3 19 3
9 2 40
1 13 3
3 4 7
8 72 10
13 4 20
13 30 30
6 44 25
5 79 39
x
13 56 9
6 64 7
7 50 25
4 64 11
13 43 44
4 59 28
1 72 10
5 11 4
4 89 17
8 62 5
9 66 26
1 56 35
7 40 29
2 74 40
x
11 79 6
3 0 26
x
4 24 9
5 5 35
14 35 11
13 69 16
8 38 23
4 18 15
x
14 8 10
7 19 23
x
15 40 7
14 99 34
3 30 26
4 47 2
x
x
15 44 37
15 73 14
10 77 34
0 21 15
4 70 23
10 86 33
x
x
1 22 3
10 3 3
x
12 36 14
10 83 22
3 32 11
11 4 17
11 95 36
x
x
15 87 35
0 26 17
4 57 15
5 84 32
7 93 10
14 30 40
10 52 23
15 68 18
10 31 38
7 81 33
1 4 5
7 56 12
4 42 35
10 92 39
11 28 40
x
11 12 25
x
7 23 7
x
x
14 90 15
x
x
x
12 11 7
14 24 21
7 45 26
9 28 4
x
12 17 17
15 51 3
x
13 93 43
6 6 11
7 57 20
15 13 22
x
6 22 23
5 0 17
x
9 96 38
3 98 42
13 90 2
3 20 44
4 69 3
10 13 2
3 74 33
7 16 11
3 68 23
14 72 35
7 46 18
6 91 17
6 26 6
9 4 40
x
13 8 24
10 42 33
x
9 45 16
5 33 5
8 32 11
x
7 96 33
0 54 15
5 96 2
x
11 80 33
9 7 24
6 66 0
3 84 28
7 6 9
x
x
11 0 0
13 49 2
x
1 34 27
7 0 35
0 83 1
13 86 1
12 62 44
x
1 90 21
0 78 32
8 48 2
13 19 29
12 46 26
4 85 16
9 62 4
10 62 14
7 32 35
x
2 68 42
0 41 1
2 5 16
3 81 18
14 81 38
x
x
8 27 33
1 63 39
11 52 28
9 90 22
0 11 17
5 8 41
12 56 30
3 27 26
2 56 28
x
6 38 30
7 65 13
0 0 1
8 41 22
4 31 10
x
3 70 10
4 74 36
2 15 10
10 40 22
13 0 9
x
11 44 42
8 18 22
13 29 36
x
5 47 36
x
2 63 16
11 70 21
x
10 28 36
15 3 17
14 37 11
x
6 58 9
x
11 9 12
10 0 4
6 51 43
10 19 17
x
0 1 22
5 71 18
9 35 15
x
x
7 41 16
15 1 35
x
15 97 14
2 49 2
14 68 41
15 0 27
7 84 1
4 46 24
12 78 3
x
x
15 57 25
0 59 37
x
x
13 41 42
5 16 6
15 9 31
7 27 15
10 44 10
15 58 35
12 6 2
x
12 1 34
14 53 30
7 2 18
4 67 40
13 35 28
1 0 19
0 53 40
x
12 93 0
x
0 6 6
x
4 45 6
12 32 22
15 6 43
12 53 30
7 69 4
3 58 27
12 76 17
9 25 42
8 0 19
7 12 35
6 89 12
x
12 30 29
9 38 14
12 98 32
11 20 39
0 63 30
2 88 17
5 86 30
x
5 93 40
11 49 0
6 65 25
15 63 1
5 23 29
x
11 42 32
13 16 13
14 0 24
11 23 25
9 93 31
1 40 21
11 40 13
9 53 8
0 43 18
13 7 11
1 14 10
5 37 4
5 76 26
x
x
6 71 28
13 61 8
3 24 31
8 35 16
13 84 18
x
x
2 19 6
8 78 42
0 17 10
3 95 12
13 23 22
x
12 85 13
4 10 32
8 9 9
x
x
x
2 81 39
14 38 5
4 93 37
x
8 92 21
2 77 40
8 1 12
x
6 81 30
x
10 49 24
14 12 0
x
9 50 44
15 38 27
4 6 6
12 2 19
x
7 35 27
2 0 13
3 50 22
8 84 2
13 45 37
9 44 35
x
1 9 6
8 22 37
x
10 85 16
x
x
