9 35 15
1 22 2
6 10 19
13 50 24
7 4 41
7 76 25
x
10 86 15
5 70 39
x
3 31 24
4 78 27
9 54 31
6 30 5
3 85 30
11 20 34
5 0 31
7 95 31
1 89 18
1 38 44
10 51 20
10 30 25
8 68 5
x
9 49 16
6 34 24
11 32 27
12 38 14
15 70 28
10 85 27
0 25 21
x
8 19 1
5 6 10
13 80 3
9 85 31
x
7 32 16
x
x
2 69 43
9 25 28
7 60 17
11 62 43
8 70 35
11 73 41
x
2 50 33
2 21 23
13 68 20
12 22 26
3 36 8
7 50 12
4 76 15
5 41 14
6 16 40
x
5 78 14
7 11 12
7 84 22
1 49 19
9 32 43
13 2 31
9 24 38
12 54 36
4 88 7
5 97 36
9 95 28
10 96 5
x
0 70 21
9 7 26
10 6 16
2 38 26
6 54 29
11 86 31
7 61 8
12 3 20
10 93 42
11 37 10
2 75 1
x
1 44 44
14 87 14
12 9 40
14 23 39
x
4 18 19
0 11 30
10 77 22
5 18 44
0 54 10
14 57 7
x
10 84 6
12 68 27
2 64 25
6 0 19
2 87 9
12 80 37
0 74 23
15 41 21
x
x
5 39 36
2 34 35
14 50 36
x
0 78 36
2 51 6
x
7 89 5
10 19 37
6 46 28
0 57 27
9 83 30
x
3 39 15
3 60 35
11 87 4
13 73 8
x
8 42 9
1 56 37
x
x
15 30 4
7 27 16
13 62 7
14 30 34
12 70 20
x
x
8 32 38
1 80 8
0 67 8
0 0 13
12 42 41
4 10 25
x
4 29 6
13 31 36
7 16 30
2 8 29
14 52 22
1 8 19
9 70 29
1 31 15
5 95 29
5 33 12
1 98 5
3 3 42
x
3 10 15
x
x
13 89 38
3 23 40
10 0 10
7 92 16
4 68 30
x
3 67 41
x
x
11 69 2
13 60 34
x
x
8 92 19
6 22 33
15 92 22
0 55 8
5 5 4
12 18 18
7 70 16
5 73 30
7 0 13
8 3 36
x
x
x
x
4 12 36
15 5 6
8 38 24
14 89 14
6 82 0
15 67 4
13 53 28
2 19 25
3 74 37
1 62 6
6 26 32
3 73 37
8 64 28
14 42 37
14 4 18
11 41 37
4 70 23
7 59 4
4 84 12
x
9 61 15
x
5 51 37
x
x
x
x
9 76 13
14 13 32
15 74 39
0 13 27
10 25 6
14 0 42
x
2 95 22
14 64 33
x
4 3 17
4 45 31
8 28 34
9 2 41
x
4 36 32
x
14 44 1
x
13 58 4
13 9 8
7 1 3
13 44 30
x
x
14 91 3
3 6 18
3 96 18
4 92 26
7 56 43
5 93 9
8 72 19
1 70 42
3 44 43
11 3 36
15 38 26
2 90 40
15 87 42
x
x
x
8 27 11
2 85 27
11 8 38
13 79 41
11 92 12
4 49 30
8 59 21
5 45 4
10 72 29
1 85 31
x
15 96 12
7 80 20
14 81 26
11 82 34
12 72 36
0 30 8
9 33 23
5 53 15
7 58 25
15 37 3
2 4 22
8 76 34
12 96 10
15 34 9
0 1 37
6 86 10
13 0 43
11 76 31
11 53 3
2 49 22
13 97 7
0 7 32
x
x
x
x
5 14 42
8 67 44
10 49 40
13 34 34
12 11 41
x
x
8 9 38
13 84 16
11 49 14
15 51 8
x
3 65 33
13 1 39
0 48 32
4 1 10
3 68 19
x
15 78 12
6 78 11
1 65 21
8 0 5
13 4 38
x
12 49 24
11 79 4
12 44 37
x
1 28 5
13 56 2
9 58 28
2 17 3
2 29 5
10 33 35
13 22 23
5 1 9
13 35 9
x
8 84 14
x
10 83 7
15 32 18
8 14 2
5 10 35
x
x
12 62 10
10 54 10
x
x
10 20 43
10 37 1
14 9 6
x
10 88 19
9 16 27
6 36 28
x
x
7 52 41
15 0 33
7 37 34
6 51 25
14 16 21
6 41 32
13 95 40
4 66 2
11 56 11
6 90 32
14 66 44
x
1 75 6
11 18 43
9 37 20
15 58 3
7 2 10
13 86 37
12 15 4
1 34 7
15 19 41
1 55 43
x
7 35 29
6 59 0
9 20 32
3 25 1
14 70 5
x
8 88 27
x
2 0 2
0 91 42
11 45 22
2 24 31
13 39 21
3 50 1
1 18 16
x
3 90 22
2 80 43
12 51 28
6 1 15
x
1 93 43
0 87 17
1 63 23
12 0 16
14 19 39
11 68 37
14 77 21
13 17 16
5 84 1
3 58 13
14 35 43
x
x
9 77 14
8 80 30
2 43 12
0 33 44
x
x
2 62 33
x
4 15 12
12 64 38
6 18 5
7 19 8
x
9 0 0
11 96 39
11 28 26
x
2 12 4
14 61 24
x
x
5 47 42
6 35 27
0 35 24
x
0 52 17
x
15 26 20
12 17 39
4 0 44
x
4 5 24
2 56 24
x
13 28 40
0 79 39
14 95 18
4 58 29
12 33 12
x
11 12 42
15 21 3
9 11 13
6 68 33
12 75 30
12 4 18
x
7 73 32
12 45 16
8 34 1
x
15 57 38
1 15 38
0 41 10
15 11 33
0 62 13
0 96 42
5 23 21
14 40 18
14 99 32
x
6 64 34
x
0 2 0
0 4 3
9 66 8
8 78 35
8 74 37
15 62 17
6 95 43
14 3 13
1 40 43
2 74 43
10 68 13
x
7 5 34
4 97 2
1 41 6
15 59 42
14 32 38
7 15 43
4 31 5
12 92 17
3 2 13
10 9 36
10 3 17
x
x
x
2 1 35
3 13 38
14 84 32
10 18 38
12 84 1
x
2 78 0
13 82 36
4 41 24
7 49 7
10 44 15
8 37 1
10 24 37
x
3 19 12
11 93 4
13 14 3
x
x
15 43 1
10 12 7
1 32 37
0 20 2
14 48 3
5 65 9
9 3 40
9 90 40
5 55 31
3 76 13
9 75 10
5 60 17
12 90 8
4 64 7
13 49 4
15 14 2
14 65 4
14 83 25
9 30 2
3 0 9
9 45 3
11 59 9
13 57 32
x
0 28 0
7 24 15
6 8 5
8 58 3
11 84 33
0 44 15
3 38 12
1 82 42
7 9 31
9 44 37
14 28 12
10 59 9
14 75 3
7 53 9
x
7 65 26
9 43 25
5 87 17
10 27 1
7 12 19
13 67 32
3 80 22
x
13 59 20
6 88 3
15 48 10
0 76 10
12 7 29
x
8 46 1
15 9 10
7 40 28
7 38 42
6 6 42
6 71 9
x
1 12 17
0 16 1
11 22 25
7 45 25
8 93 26
0 43 21
13 92 16
x
8 85 0
4 24 10
4 53 19
x
8 49 21
12 35 34
12 29 8
7 6 4
x
0 22 35
x
5 28 16
8 53 35
3 95 6
8 21 22
4 81 11
13 71 39
3 28 24
11 0 40
0 83 11
x
4 74 35
10 40 39
x
1 5 22
x
15 22 14
12 59 27
6 76 23
6 12 5
3 53 1
x
9 80 24
8 24 34
x
15 17 12
15 84 10
8 99 39
10 63 18
x
1 0 11
12 26 11
12 43 6
12 28 17
x
