x
5 63 8
9 72 2
x
9 44 21
1 82 16
6 63 20
x
10 33 9
x
10 53 27
x
8 36 4
7 1 32
2 39 4
8 87 21
1 28 2
12 57 11
14 54 6
7 38 44
0 93 43
11 79 8
8 94 35
11 8 16
x
x
5 30 18
2 93 39
10 19 24
7 36 25
15 68 19
15 71 14
5 84 0
4 36 11
15 32 10
1 14 38
8 22 3
14 84 4
3 13 16
14 28 16
x
12 79 24
2 31 24
x
15 9 41
10 84 9
13 88 12
0 74 23
12 97 41
3 81 36
13 33 10
7 37 30
14 71 36
8 92 3
13 97 18
15 29 14
11 39 13
13 41 19
3 65 33
3 44 34
13 50 39
x
x
14 3 23
15 24 43
6 59 17
14 51 29
7 39 7
10 64 6
13 68 21
5 77 8
4 0 42
11 97 16
1 56 37
15 46 32
9 43 2
0 33 31
8 99 9
8 30 18
9 61 11
5 9 20
x
12 72 9
x
14 86 42
12 46 38
4 52 30
2 20 22
5 94 4
14 93 18
12 50 15
6 6 42
5 73 16
2 5 23
x
11 6 41
14 22 14
5 93 39
14 77 7
6 71 19
6 84 21
2 51 5
x
3 1 7
13 12 4
3 29 21
13 79 40
5 80 25
6 99 16
5 53 2
13 5 14
3 2 0
9 45 21
7 60 27
2 82 28
3 74 12
3 58 21
13 57 21
4 81 44
15 91 1
9 91 39
9 7 4
7 27 16
x
x
8 96 24
7 0 29
11 34 26
x
12 19 17
x
3 38 18
11 1 23
11 28 20
9 12 36
3 69 22
2 75 2
x
10 37 3
12 1 10
1 41 22
1 69 37
6 2 10
6 45 20
14 58 3
8 32 33
13 84 30
7 20 19
x
6 37 26
3 50 13
4 45 8
x
x
6 55 14
7 9 11
6 34 7
14 0 29
15 65 41
6 86 3
11 76 0
6 15 12
8 59 12
10 61 10
5 51 12
2 69 2
0 80 9
14 70 37
x
10 83 21
x
x
7 25 14
11 69 41
13 37 32
5 89 26
9 0 24
5 96 18
x
1 95 37
x
12 84 4
8 4 34
7 73 33
x
11 57 6
4 57 42
12 29 21
7 84 32
3 67 37
13 19 33
11 86 2
x
14 44 33
8 89 31
10 28 43
5 5 14
10 72 21
13 29 39
3 6 19
7 17 4
x
9 48 11
1 32 29
x
11 15 39
0 37 20
x
6 98 13
6 49 31
14 99 4
0 30 27
15 16 25
2 28 39
2 62 27
10 1 17
15 0 9
1 18 25
11 0 22
6 81 33
3 33 40
1 23 17
2 44 3
8 58 24
8 90 16
9 14 41
7 18 5
x
x
7 95 12
4 4 29
5 2 32
0 20 40
0 82 37
15 20 33
11 30 13
7 13 38
10 68 30
11 61 25
6 29 21
14 7 41
x
15 86 30
8 47 32
9 33 12
x
11 47 37
x
3 91 40
11 82 24
12 11 5
11 68 16
6 95 26
4 59 23
2 87 27
8 72 37
11 93 12
8 25 42
12 55 36
x
x
x
1 50 6
x
10 8 11
2 0 3
12 76 6
x
0 62 17
x
15 15 37
13 56 29
11 72 44
12 23 16
x
6 78 37
3 5 21
x
13 28 9
12 67 30
7 31 8
10 18 35
5 35 22
8 84 5
8 1 36
10 0 42
x
13 21 6
x
12 0 17
x
9 90 14
x
15 84 6
x
x
10 31 9
7 21 35
8 14 5
10 42 40
3 53 32
x
x
0 89 16
0 96 3
3 23 22
14 17 5
x
1 64 8
x
8 65 9
0 75 7
0 11 22
6 92 39
3 19 27
15 96 1
5 97 42
x
14 67 1
13 46 29
9 67 15
13 81 24
2 53 7
x
x
4 69 13
0 41 31
14 36 21
0 27 1
3 95 17
x
9 96 39
0 84 6
15 39 9
x
5 68 3
3 26 8
x
15 57 36
4 55 40
x
2 37 28
9 81 26
0 76 0
4 31 2
14 9 20
4 41 18
0 28 31
x
1 31 10
15 76 28
13 62 8
15 34 31
x
9 24 0
x
3 59 5
10 44 38
0 64 41
8 52 26
2 14 35
x
2 74 19
11 13 42
5 27 5
0 8 21
4 77 17
15 2 3
2 92 17
9 57 36
9 79 12
0 0 14
1 36 1
9 76 21
2 64 15
14 4 15
14 64 34
x
6 53 2
5 39 39
14 30 40
6 10 41
5 58 4
0 52 39
8 43 43
0 17 20
5 23 44
0 54 7
12 92 34
12 42 25
x
14 88 4
2 10 41
0 91 38
13 70 43
7 80 22
6 54 33
8 9 12
13 73 39
10 92 28
8 41 10
x
2 78 39
12 16 38
10 58 4
15 21 12
x
6 31 37
9 46 5
1 6 3
x
10 96 1
4 17 43
7 87 28
x
15 51 29
2 96 5
12 62 37
x
0 69 25
13 0 2
x
0 49 1
x
7 72 1
x
5 0 44
5 46 6
x
x
11 19 4
6 20 25
8 13 18
1 49 11
x
3 76 44
x
14 40 18
0 59 42
8 79 35
x
7 4 38
2 49 33
10 3 16
1 43 18
x
4 64 4
7 55 32
x
5 86 23
12 36 21
x
8 61 39
x
5 45 2
10 40 12
x
x
2 2 31
2 32 29
x
6 24 41
2 76 35
7 35 28
3 54 42
0 13 8
0 48 18
1 29 25
9 30 9
15 4 33
14 34 5
11 70 22
3 39 2
11 88 2
0 38 33
8 0 9
8 78 33
12 25 0
7 70 13
x
9 38 11
3 88 13
x
2 25 33
8 60 22
11 22 28
3 10 5
14 16 24
x
3 20 16
8 40 9
7 91 33
10 26 40
2 58 13
6 66 37
5 20 44
10 41 33
15 60 24
1 86 26
5 7 29
10 87 7
0 24 21
3 0 17
15 42 15
9 41 15
9 75 0
8 77 17
14 73 26
4 20 9
6 42 27
12 90 17
x
7 65 14
13 14 4
1 62 43
15 10 3
6 0 27
5 12 43
4 91 34
11 52 26
7 44 32
2 16 3
x
x
3 36 8
0 18 43
0 39 2
x
7 96 11
x
9 5 42
x
1 2 43
3 97 4
x
15 79 7
x
6 89 5
10 15 20
1 55 30
6 8 11
x
x
0 5 35
1 0 31
6 97 35
6 76 8
7 49 36
x
12 8 27
10 10 42
x
13 49 1
1 77 11
x
7 97 9
3 73 18
14 11 23
4 95 14
12 96 16
x
8 19 6
10 24 26
x
x
12 33 22
7 53 10
10 77 22
x
5 1 42
7 76 2
11 18 12
x
4 48 31
1 72 34
3 84 1
1 90 28
10 57 7
14 48 44
x
9 86 23
4 9 31
x
4 12 43
2 88 29
9 27 15
10 49 41
12 69 29
13 8 34
15 12 28
9 66 27
x
4 87 24
9 26 40
13 24 43
x
7 58 9
6 50 43
12 64 6
12 4 25
4 24 41
4 29 12
14 80 15
13 92 21
10 89 3
12 21 34
4 73 6
x
3 16 22
x
9 53 28
0 43 15
5 17 15
13 65 37
4 85 22
4 25 24
11 44 2
1 40 32
1 9 25
x
9 18 9
x
8 70 1
0 29 3
8 73 39
