15 43 37
12 67 21
2 20 4
10 83 3
5 94 18
14 6 26
10 97 32
11 71 26
4 41 39
6 10 4
9 36 32
13 62 34
14 50 6
11 48 7
x
9 34 39
8 0 42
1 9 38
3 41 26
4 45 2
12 23 9
14 77 32
2 8 40
12 59 21
12 6 20
13 36 26
6 51 32
12 92 14
12 33 19
8 92 7
x
5 39 3
9 67 19
2 85 9
3 50 15
8 67 13
x
2 6 3
11 45 42
x
11 29 20
6 76 0
0 11 14
10 44 24
6 38 11
7 85 13
x
x
x
7 36 27
1 92 40
2 62 42
x
7 13 44
4 95 21
0 27 41
x
14 28 14
x
15 61 14
x
x
0 19 10
x
2 43 43
0 74 36
7 42 13
14 71 7
15 92 9
12 87 16
4 0 18
10 58 4
6 30 28
x
5 55 5
3 32 14
10 78 42
9 66 11
0 94 0
5 20 19
13 5 34
x
x
x
1 1 5
3 68 22
15 72 27
6 70 9
x
1 80 14
9 10 37
x
x
12 43 23
6 34 43
11 69 10
5 64 35
3 19 5
15 58 10
2 50 20
15 29 4
x
0 2 43
0 12 43
8 60 8
5 85 35
1 30 6
4 24 1
x
x
13 38 31
x
11 28 10
x
2 34 17
6 46 33
14 76 26
2 80 17
6 92 1
5 78 23
14 37 24
11 84 1
7 96 8
7 8 12
14 83 33
x
7 45 3
x
x
6 8 7
1 67 44
12 53 38
9 46 0
x
x
12 17 13
11 0 22
10 50 11
1 49 42
6 65 43
15 13 22
7 5 16
12 64 12
x
x
15 88 15
6 61 13
x
5 62 8
10 62 42
5 60 24
15 78 39
8 75 28
7 21 8
3 0 25
4 32 15
13 92 19
8 81 5
13 21 3
9 43 41
x
15 3 7
14 99 0
12 11 39
9 87 31
5 8 10
13 10 24
x
3 81 13
x
11 18 40
1 96 25
6 68 41
14 0 3
15 34 5
1 69 10
15 20 28
13 28 8
3 84 29
8 37 23
11 12 32
15 38 26
1 57 26
6 35 13
13 82 14
2 96 19
15 9 26
4 54 35
3 74 11
3 33 18
1 65 21
3 39 25
2 49 4
0 23 39
0 0 2
x
8 1 8
8 93 38
8 9 44
13 29 41
11 80 5
15 96 42
2 29 25
13 44 22
14 59 19
2 71 17
3 95 19
13 88 22
0 13 12
0 22 44
x
11 63 0
7 71 19
0 32 6
x
0 49 19
8 31 42
13 95 7
x
0 84 13
9 55 32
10 70 20
3 45 14
x
13 0 18
3 77 35
4 30 17
4 70 6
11 74 11
0 21 0
10 7 18
15 57 17
12 76 37
15 81 12
3 20 17
10 91 26
1 32 30
x
0 68 42
x
8 58 6
7 0 24
x
0 58 32
9 95 33
1 72 12
9 1 30
x
x
x
8 52 30
8 85 10
13 3 13
14 18 32
x
3 73 8
14 10 4
3 13 43
x
x
x
14 88 30
6 22 0
8 77 30
12 1 38
x
14 80 5
13 59 11
1 7 4
4 68 38
10 49 5
x
8 33 2
x
8 20 16
4 12 23
9 0 39
12 74 19
5 84 29
x
15 45 2
8 84 22
x
x
13 33 11
4 29 6
x
15 85 16
x
0 48 33
1 63 44
3 38 34
4 36 35
3 21 10
x
7 80 17
x
0 80 28
x
x
1 62 33
7 56 7
14 3 20
x
12 37 5
4 15 39
5 95 5
3 96 33
5 69 22
7 2 29
4 18 9
12 42 34
4 93 5
0 29 15
10 0 1
0 90 4
x
15 0 37
12 97 11
13 8 16
14 42 33
15 75 15
4 7 33
x
x
6 96 44
7 35 27
10 74 11
12 58 17
6 44 40
x
2 64 38
5 45 38
15 48 12
7 88 13
11 38 0
7 15 10
8 27 44
2 93 17
10 56 11
0 43 0
x
0 14 15
2 39 7
2 1 11
15 32 9
7 27 25
x
x
2 15 36
x
x
x
7 57 4
13 16 10
5 0 29
x
x
2 54 2
8 47 17
14 92 1
x
10 96 42
12 85 42
7 18 8
x
4 3 1
12 31 29
11 91 34
9 91 36
5 6 27
6 81 10
13 70 20
13 49 32
4 82 4
x
12 20 34
11 96 32
12 90 41
14 54 7
13 12 9
11 7 28
9 29 21
10 1 8
10 40 17
13 79 9
8 16 26
11 54 41
13 85 26
1 85 41
x
9 69 10
x
11 89 31
x
7 75 3
x
2 16 38
x
2 26 15
5 12 11
1 75 11
12 54 3
0 87 16
13 52 10
5 17 44
x
1 55 32
15 27 35
x
x
4 46 12
0 55 41
11 59 25
7 61 13
14 22 28
7 30 44
4 98 2
6 26 40
5 74 32
3 89 20
1 14 25
9 40 25
2 77 8
12 73 42
x
5 93 42
8 62 25
x
7 59 42
11 81 27
4 64 20
11 68 28
12 0 10
13 65 22
8 86 32
1 43 8
x
x
9 51 13
13 18 29
10 86 40
9 85 30
5 31 25
x
3 36 36
10 51 35
x
10 27 0
13 24 12
15 15 5
x
1 3 25
9 26 44
13 56 34
1 0 37
8 13 10
6 48 30
9 15 2
8 42 40
14 33 31
12 80 34
9 24 33
15 84 29
3 58 39
x
3 31 33
15 1 17
7 93 39
10 32 40
14 64 29
x
7 66 8
7 51 16
5 5 7
13 41 14
x
x
x
11 79 27
x
10 24 18
7 90 41
x
7 65 26
6 39 44
x
x
14 47 42
7 24 35
13 81 3
11 3 37
5 50 27
3 23 29
x
1 89 28
14 1 28
15 51 33
x
x
13 1 8
12 14 8
11 99 8
9 61 1
12 96 17
10 38 39
12 72 13
0 96 19
8 72 0
12 3 41
x
3 53 44
10 12 43
11 22 20
x
15 11 33
0 8 15
0 63 1
4 78 30
8 3 16
2 10 9
5 27 6
0 41 41
6 56 3
6 6 1
x
0 1 5
7 39 42
7 79 35
6 49 11
5 36 7
1 28 35
9 57 23
5 14 27
x
9 6 18
x
0 52 44
11 33 2
9 90 44
x
x
x
x
x
x
11 43 34
14 94 38
x
1 40 25
13 73 15
x
3 67 19
3 26 16
10 67 21
1 36 25
x
12 26 25
9 18 31
11 73 31
0 78 24
4 87 17
x
x
5 52 16
11 51 26
x
0 35 14
10 18 19
8 99 33
11 92 31
6 50 32
15 69 8
x
12 48 15
2 22 8
9 80 39
3 65 19
8 24 30
6 90 11
5 89 7
15 66 40
4 58 38
7 46 31
6 15 17
6 19 31
6 86 12
1 51 25
4 50 10
2 68 7
2 63 12
6 0 13
x
13 80 22
5 24 6
14 68 38
2 59 5
x
2 74 10
1 19 24
13 37 12
13 42 7
4 74 6
3 8 21
x
x
3 4 17
10 20 36
13 57 34
10 3 10
1 23 15
14 14 16
4 90 9
11 35 19
15 25 18
11 1 37
3 61 28
0 7 3
9 75 0
2 89 13
x
14 66 20
10 37 8
2 0 25
x
