11 29 12
8 36 25
x
x
14 28 25
2 17 24
4 24 29
x
15 38 2
2 68 43
8 10 32
6 27 10
14 56 9
7 31 38
2 83 3
4 83 22
13 96 21
12 74 5
12 63 7
0 41 36
x
8 92 11
8 69 5
15 70 7
2 95 3
3 78 19
12 1 39
x
x
10 37 10
x
4 95 20
2 52 8
9 66 6
7 76 33
0 69 30
6 37 38
5 50 41
3 86 26
8 74 14
0 77 13
7 86 21
10 24 31
2 33 21
7 99 13
13 9 19
11 58 17
13 51 7
x
9 81 37
12 96 15
15 19 3
7 94 28
13 2 25
13 97 20
2 54 41
15 48 1
9 24 33
8 33 16
12 13 14
1 77 34
1 71 5
3 67 11
1 40 43
7 71 39
15 66 42
4 85 35
3 95 26
12 79 23
3 81 0
8 21 15
x
12 34 34
6 70 29
0 18 4
8 72 14
14 11 41
x
11 81 26
x
6 84 29
13 22 20
x
1 44 19
6 91 35
14 15 28
13 69 31
5 16 5
5 24 36
2 56 26
8 86 12
8 9 44
14 86 36
4 54 1
x
12 83 39
x
14 4 40
8 41 44
1 30 37
x
12 61 27
10 40 5
x
x
11 18 17
12 67 8
1 84 28
x
10 55 38
14 83 10
x
7 2 36
1 95 14
x
6 17 39
1 43 34
0 95 8
11 62 38
13 64 31
x
x
4 72 43
7 36 2
0 56 33
10 27 17
2 29 41
x
13 43 40
x
x
10 1 36
x
x
x
10 45 8
x
8 99 11
9 58 4
10 70 31
2 62 33
3 69 11
1 68 10
0 43 5
11 12 25
x
12 22 36
13 77 43
x
13 17 19
12 6 1
8 2 34
1 41 42
13 52 40
8 17 23
14 23 9
4 48 10
13 49 12
5 84 14
x
11 31 36
9 90 38
14 77 40
3 58 39
0 49 17
5 40 5
6 59 31
1 34 39
13 80 1
4 43 20
11 74 31
0 65 15
10 2 7
10 97 36
x
6 2 13
7 16 23
3 73 6
14 72 33
10 4 18
10 29 19
12 42 42
x
5 8 13
13 56 42
14 38 31
6 40 34
5 34 16
15 93 7
x
2 15 9
x
3 65 44
10 51 42
3 77 29
4 45 6
1 46 19
3 13 16
0 61 23
15 96 9
x
2 11 12
x
9 38 8
x
14 36 40
8 73 42
1 23 12
11 28 17
0 48 8
5 2 16
3 10 28
13 34 17
11 36 27
14 90 22
x
x
9 8 13
x
9 55 6
x
15 79 35
7 12 41
4 89 19
10 96 44
x
2 76 8
10 91 20
5 30 4
x
10 77 42
x
11 44 1
7 0 24
15 34 20
x
1 3 40
x
7 44 3
7 60 30
4 18 25
4 41 34
5 78 4
12 8 22
6 12 5
13 6 40
13 12 33
4 90 14
x
x
8 28 44
11 39 27
x
6 42 41
x
8 85 12
3 53 39
x
x
x
2 79 17
7 8 23
2 91 0
x
2 24 15
15 27 8
x
0 85 40
x
15 57 24
15 55 36
3 74 39
x
11 48 19
7 78 34
x
x
5 6 9
5 45 2
1 28 33
2 39 28
4 79 13
3 61 13
4 51 41
7 91 3
x
x
5 75 33
1 19 44
13 79 10
x
0 12 5
9 29 20
15 20 4
5 89 4
9 95 1
0 16 23
11 40 13
1 14 7
x
15 41 38
x
9 75 32
10 25 27
6 87 29
0 53 2
4 4 34
2 42 21
x
6 34 22
9 18 38
4 88 35
0 8 6
4 1 28
7 70 43
3 6 28
8 44 39
6 83 41
11 55 13
x
10 60 20
15 42 14
1 72 12
2 5 18
6 76 39
12 30 39
12 90 27
12 85 36
8 76 42
14 34 21
5 70 38
x
3 89 8
6 80 23
x
11 2 11
0 23 23
x
0 13 26
11 86 12
0 81 41
4 12 11
x
x
x
15 53 9
x
10 0 6
10 12 18
15 37 19
7 65 22
1 7 37
15 14 12
11 0 16
x
1 49 8
5 65 11
7 82 24
x
x
13 4 28
11 7 22
x
11 34 6
8 14 23
8 67 41
5 26 32
3 19 0
15 84 22
8 79 15
3 50 35
11 69 5
15 45 8
1 65 20
13 59 13
14 69 34
7 41 20
14 60 13
12 0 31
0 35 8
8 58 1
8 62 1
3 1 29
x
1 91 10
0 52 34
3 45 25
x
9 43 37
x
x
15 88 18
10 73 44
2 74 7
10 9 27
12 18 43
x
x
13 38 3
11 88 25
3 75 9
14 43 28
4 59 15
12 92 5
7 25 21
8 95 6
9 3 32
2 50 13
8 0 27
6 30 25
1 52 31
6 23 14
x
7 54 25
3 21 35
5 95 20
7 21 19
7 58 34
13 91 12
6 61 5
11 50 1
3 25 27
10 34 15
x
11 68 20
8 24 32
14 3 23
13 72 14
9 84 20
4 77 29
2 26 41
1 35 14
13 95 24
14 92 35
3 30 15
6 54 2
8 47 34
2 7 9
1 0 0
x
11 83 41
4 67 26
x
x
x
10 38 34
x
3 83 16
14 29 18
1 62 18
x
13 28 27
11 96 11
8 5 26
5 93 2
14 99 41
4 9 41
2 1 1
0 4 36
12 69 35
x
8 52 43
2 46 40
14 42 37
5 21 3
x
14 0 23
6 46 0
6 48 10
6 19 35
3 79 34
x
9 50 22
x
x
0 29 14
0 74 26
x
7 68 36
6 6 2
10 83 26
6 93 29
14 53 17
7 62 31
x
13 83 29
14 48 20
5 39 18
11 93 9
15 5 14
2 78 0
x
14 64 14
2 30 30
15 9 10
x
4 0 0
5 11 38
15 75 34
15 32 8
1 12 32
x
8 84 21
14 19 37
x
5 1 10
10 50 21
x
0 26 43
14 66 44
10 49 30
1 57 34
10 18 40
10 86 41
x
x
0 2 18
9 33 10
9 46 23
7 3 3
6 65 5
5 61 0
5 46 19
7 49 8
x
13 0 0
4 76 7
7 28 9
3 0 41
7 35 37
11 79 25
5 87 28
15 1 33
x
2 0 43
6 8 35
15 29 9
x
0 93 28
14 78 27
8 34 10
12 58 36
x
4 80 28
1 55 42
3 36 18
11 91 33
1 87 24
x
x
15 22 14
x
15 85 22
9 13 4
3 42 7
4 64 11
11 33 32
14 93 41
0 30 30
0 7 39
8 77 39
13 31 28
x
14 51 1
4 20 18
2 21 16
15 86 20
4 31 30
10 98 28
14 1 14
x
5 94 18
9 0 43
4 36 30
11 22 38
3 38 23
x
5 0 11
2 88 19
0 75 17
x
9 78 28
x
9 60 9
12 37 11
x
4 14 44
6 51 29
x
x
2 49 26
x
5 52 13
0 11 14
14 8 16
2 2 18
15 35 20
14 5 42
7 96 18
2 64 4
1 83 13
0 0 13
12 26 11
5 56 18
5 47 36
x
12 47 31
12 55 0
6 0 13
6 96 44
12 51 12
15 59 23
13 88 7
x
2 37 8
4 29 13
15 63 3
5 5 22
10 65 26
14 79 23
0 88 24
1 10 21
15 0 23
1 82 5
9 70 39
