x
5 20 24
1 32 44
1 4 32
0 1 20
9 3 40
1 89 42
2 26 18
10 4 40
x
6 46 19
14 80 26
x
2 78 11
0 68 7
9 17 37
7 49 8
13 68 34
x
13 50 31
x
x
0 43 18
4 53 10
x
7 25 0
7 76 41
4 70 0
4 49 30
6 83 41
x
5 85 3
0 52 6
3 60 16
2 50 19
13 79 35
1 24 44
x
2 81 15
2 12 34
x
10 84 23
6 6 2
x
13 57 15
15 33 37
12 37 7
14 56 16
3 81 6
7 84 32
x
14 88 39
x
3 25 22
7 56 18
15 45 37
3 67 30
5 78 28
x
6 59 17
12 84 4
8 58 10
2 24 36
10 37 21
3 9 17
3 45 10
1 55 7
x
11 86 19
1 28 14
9 57 17
x
15 0 23
x
14 74 34
x
13 44 14
14 79 10
3 1 38
0 82 19
2 1 12
12 48 13
12 73 32
9 12 4
11 98 18
12 3 27
6 20 34
x
10 66 38
x
15 74 34
12 64 39
x
1 34 32
12 2 17
1 40 15
5 69 24
9 80 36
5 94 0
3 3 9
15 15 30
8 93 34
6 28 35
12 90 26
14 4 0
11 74 43
8 20 31
7 81 24
x
8 44 22
6 35 29
12 70 7
3 50 12
7 26 15
14 45 44
12 15 5
x
12 28 6
x
6 0 20
15 87 15
6 90 22
3 19 33
4 95 35
12 23 10
5 16 35
x
x
12 65 4
7 23 10
0 49 19
14 44 35
14 35 5
9 52 6
5 90 7
x
7 1 9
2 4 19
3 23 21
9 0 10
3 43 4
11 71 13
4 90 24
4 19 21
5 39 30
13 90 15
0 24 21
10 38 2
x
8 24 39
14 7 17
13 11 37
8 72 18
1 92 14
13 86 31
1 7 22
5 13 43
x
7 11 5
11 7 14
2 74 6
8 3 23
5 84 34
x
x
12 96 9
8 51 3
1 50 8
x
4 66 43
1 16 40
13 58 19
x
3 73 2
x
x
4 75 35
7 2 21
3 84 1
11 12 31
x
x
10 44 11
x
5 75 33
10 96 5
x
x
1 58 35
x
11 44 13
0 61 24
7 75 30
14 28 43
4 24 12
x
6 81 17
x
15 59 33
x
x
1 44 22
x
9 19 39
5 9 36
7 3 23
5 5 43
x
13 54 23
6 34 32
x
9 25 23
x
9 66 9
0 45 33
x
12 0 14
x
x
15 24 42
4 25 32
10 52 28
3 14 28
2 18 36
13 49 13
5 45 20
1 42 43
15 20 24
7 91 17
x
6 95 22
12 56 22
12 17 20
1 69 25
x
7 19 25
x
x
11 33 11
2 5 42
4 80 44
15 36 22
13 28 33
3 89 21
14 9 29
2 35 13
8 59 19
9 30 23
x
x
2 52 39
14 99 40
1 76 30
9 85 42
3 51 27
10 22 3
5 49 44
x
1 62 17
0 35 31
x
7 87 35
13 22 43
9 76 19
5 25 37
7 35 11
15 53 3
11 24 10
3 7 13
15 57 29
0 0 4
3 65 13
x
5 36 8
15 70 5
x
14 50 26
x
15 9 32
4 85 41
12 57 0
0 28 21
0 32 20
x
15 84 41
12 63 26
6 64 23
x
3 53 12
7 72 2
10 34 33
2 49 33
13 64 40
x
9 54 2
1 95 4
7 43 2
1 65 19
2 7 8
8 69 25
14 6 0
7 59 2
12 92 1
15 51 7
12 33 44
10 27 5
5 53 16
14 14 39
6 10 35
8 38 36
5 27 39
11 58 17
9 69 2
5 66 8
13 21 30
14 40 23
x
9 24 44
14 92 8
4 29 26
0 75 11
15 17 21
x
0 59 26
3 77 28
8 84 36
11 59 9
11 20 29
x
x
12 7 13
10 89 15
4 35 21
4 67 27
1 14 30
9 43 17
7 51 22
10 40 26
15 12 25
0 80 27
9 81 32
11 18 29
2 38 1
x
x
9 98 31
11 1 20
1 64 6
9 35 41
2 62 22
4 13 38
3 74 22
2 91 17
12 13 9
4 73 33
9 71 34
0 54 17
x
13 33 15
7 95 19
4 64 19
6 67 12
x
x
12 60 33
x
2 28 10
10 8 20
10 18 34
x
4 0 29
4 58 31
1 51 44
7 31 26
x
11 41 21
8 10 25
6 84 30
14 3 44
10 56 17
9 48 43
x
11 50 29
13 14 38
15 79 38
x
x
x
6 72 16
x
0 29 0
x
14 18 2
x
12 53 7
0 86 9
11 79 32
8 53 38
13 6 37
14 95 24
x
14 22 33
1 82 10
5 58 36
4 2 15
x
x
x
6 8 14
11 63 1
9 40 7
4 45 3
4 16 33
x
x
6 38 26
x
11 10 26
7 37 5
1 0 19
14 58 43
0 2 11
2 76 29
14 89 8
0 48 37
1 20 13
2 0 13
x
7 63 23
12 21 23
11 4 25
x
7 45 36
13 56 39
9 60 4
7 5 34
14 66 30
x
6 87 39
0 20 41
13 38 13
2 43 14
x
6 23 39
13 1 24
14 65 29
10 61 21
x
7 14 13
15 63 38
10 77 37
15 97 14
2 14 7
10 49 18
7 10 40
10 83 13
10 19 20
11 0 17
13 18 3
x
4 31 11
9 90 7
7 73 32
0 41 16
12 77 9
8 34 26
x
x
2 32 28
5 32 40
13 62 10
3 31 26
15 40 31
1 71 1
0 74 13
3 0 39
11 68 27
x
7 41 26
8 99 34
5 97 27
13 97 9
6 43 36
8 80 1
x
6 15 26
12 42 16
x
4 41 44
13 83 12
13 0 33
2 96 25
8 74 38
1 86 41
0 63 9
7 60 29
14 64 41
0 95 25
15 47 1
8 1 0
8 22 9
14 71 43
14 87 40
11 29 12
5 93 8
0 11 39
7 46 12
7 68 24
8 29 1
9 14 18
9 75 0
11 46 12
3 38 27
10 72 33
7 54 36
11 80 41
15 10 26
3 95 40
10 68 1
5 61 2
2 63 8
15 66 17
7 0 13
0 90 20
3 36 11
5 6 21
9 28 17
5 0 25
x
10 7 5
5 18 16
4 93 13
10 30 16
11 38 44
x
x
15 38 16
8 95 0
1 30 9
8 0 9
12 46 12
11 55 40
12 12 16
4 82 14
x
15 32 7
x
12 80 2
14 0 4
13 94 10
4 5 2
15 3 31
x
11 90 18
8 17 4
10 24 24
1 49 29
6 76 43
2 68 38
5 74 18
8 32 39
13 51 38
10 15 3
2 19 9
x
11 60 18
x
10 10 11
8 49 44
8 92 4
8 76 23
12 45 7
8 64 39
3 27 24
13 73 14
x
0 15 42
13 26 19
13 41 0
7 47 16
1 11 5
x
6 54 6
x
8 13 3
4 87 17
1 78 12
14 32 12
2 57 41
x
9 29 8
9 7 42
x
11 28 21
0 7 3
8 88 44
11 69 14
0 12 3
9 95 35
x
5 8 8
10 93 40
11 82 15
14 51 40
4 10 29
2 89 22
14 83 19
8 41 44
8 67 29
x
6 50 43
x
11 95 43
x
3 33 33
3 58 26
2 21 37
8 9 12
15 92 29
15 27 18
2 84 23
13 16 24
14 57 30
7 50 4
10 0 19
x
