x
5 23 42
2 63 40
6 82 8
14 28 43
13 13 18
7 36 8
6 36 9
2 49 19
13 39 0
12 32 33
8 37 37
10 96 8
1 67 3
x
x
0 0 37
7 17 13
x
11 21 16
1 74 34
1 12 9
x
9 44 31
6 19 26
3 53 43
x
8 0 8
x
10 38 28
x
1 43 7
7 92 30
10 4 12
3 5 17
11 3 11
x
11 0 35
x
1 3 44
4 96 31
1 49 26
10 26 42
x
13 0 6
7 10 6
7 55 31
10 49 39
1 9 43
x
10 13 35
5 91 25
10 0 1
x
x
15 54 22
5 11 36
x
2 47 34
10 57 6
4 58 35
x
0 62 21
0 53 19
11 57 11
12 85 23
14 20 27
13 17 40
10 40 18
14 54 0
2 89 44
7 22 23
7 52 10
12 21 18
12 16 14
13 49 31
x
14 99 1
x
15 47 7
11 39 40
x
8 45 40
x
10 62 7
0 26 0
7 67 33
1 30 12
5 46 37
7 82 33
6 77 40
5 7 27
11 70 44
x
2 0 31
14 61 39
7 74 19
x
x
x
11 54 8
x
x
0 41 15
11 34 36
14 88 25
14 49 0
2 75 33
3 58 35
8 30 30
10 70 19
13 92 41
x
1 62 44
10 8 4
10 27 16
0 11 30
3 7 39
2 43 3
7 46 4
x
4 35 15
1 23 17
x
5 39 36
11 76 29
9 0 17
14 76 11
0 30 43
6 17 43
x
8 56 22
15 42 0
4 25 2
5 85 9
13 58 17
2 74 31
4 29 0
13 70 24
9 77 5
1 55 0
x
x
11 96 29
13 50 9
7 13 33
10 44 11
15 0 35
x
9 1 39
12 30 14
12 77 12
11 68 16
0 97 34
9 16 12
15 85 37
3 2 19
x
4 6 19
x
3 42 9
4 91 8
2 9 31
6 85 42
x
13 28 37
11 92 32
11 28 9
3 54 41
4 45 39
13 61 26
8 94 24
x
7 39 6
2 96 12
x
9 93 39
x
5 78 0
10 90 24
15 10 7
13 22 19
0 15 17
0 23 31
7 5 18
4 19 25
8 92 34
2 32 28
13 75 42
5 21 32
7 8 11
11 74 20
6 38 15
4 76 23
0 74 24
10 83 0
9 55 7
2 27 40
7 96 42
5 93 37
x
15 63 25
10 77 8
4 15 2
0 19 15
13 1 36
4 0 4
x
11 18 8
3 65 28
6 0 2
8 75 43
0 64 42
x
8 60 5
1 28 21
2 10 28
11 80 27
8 40 14
9 34 40
11 94 41
x
14 23 22
3 36 18
5 5 2
11 42 23
1 77 19
8 62 12
8 87 37
2 62 40
12 58 14
6 6 14
x
9 60 10
10 25 34
1 79 19
13 44 1
14 94 23
0 92 2
12 75 7
x
4 64 35
0 68 27
12 70 16
13 82 34
x
13 95 12
15 20 11
3 97 44
8 50 42
x
x
9 98 16
x
13 79 15
0 43 40
8 25 17
8 12 0
0 75 1
3 44 16
6 29 25
5 74 42
1 83 36
x
12 66 9
11 15 38
13 3 28
8 22 20
2 87 35
8 20 10
x
11 79 31
x
10 2 29
12 26 14
4 73 4
15 62 40
15 1 4
2 12 25
10 29 34
9 52 16
5 45 42
6 92 8
14 66 25
6 39 5
12 42 20
0 48 8
11 12 44
2 69 16
x
8 35 8
x
4 46 2
14 29 10
0 44 23
0 35 23
4 66 44
13 32 31
11 22 26
12 68 25
11 2 28
15 84 36
x
x
15 93 20
x
13 87 35
1 92 0
10 31 4
14 33 6
1 18 42
9 25 11
15 58 14
x
14 3 6
13 6 16
x
5 90 18
2 52 7
14 0 26
2 78 25
9 62 9
2 22 14
12 14 38
14 84 22
x
4 41 25
11 62 6
7 65 18
12 98 38
6 95 32
5 48 5
3 30 10
3 12 31
x
3 89 23
4 55 41
2 55 9
12 92 3
12 54 16
0 6 24
14 31 24
15 15 28
4 9 37
6 70 26
x
6 9 8
3 67 43
6 50 35
x
8 17 3
x
x
3 21 10
2 85 19
10 53 2
x
7 70 36
9 29 21
8 66 11
3 19 11
15 72 4
0 1 19
14 92 9
8 84 29
13 56 22
2 39 25
4 68 33
7 91 41
7 40 21
5 55 8
x
0 12 0
0 82 13
x
14 73 3
9 26 2
3 61 40
14 65 28
x
9 66 3
11 49 42
x
14 36 14
14 4 39
11 56 15
3 26 26
3 81 18
1 15 15
x
15 97 27
7 29 31
6 59 37
12 47 40
7 26 16
12 43 42
15 32 13
3 38 13
x
x
x
12 49 10
9 80 1
0 54 9
0 89 38
12 63 12
x
5 58 29
4 85 26
5 8 5
x
x
x
2 92 30
x
9 37 44
9 70 29
2 20 21
2 1 38
10 73 6
14 12 2
11 29 7
8 10 7
5 52 13
8 49 3
x
12 90 36
15 3 40
0 77 19
2 59 25
9 13 34
0 85 13
x
1 57 6
12 80 14
11 7 36
8 3 36
6 55 1
12 0 19
x
10 67 26
x
x
13 65 32
x
9 24 12
4 30 15
14 51 24
10 18 5
1 0 5
6 63 38
3 15 2
4 87 7
9 49 42
10 56 39
1 87 33
4 70 6
9 90 32
3 86 35
x
12 5 42
5 16 22
7 94 28
14 38 2
5 67 1
15 27 7
7 66 12
5 28 29
5 87 31
10 86 29
3 0 18
11 19 5
x
14 39 34
8 9 37
6 8 29
15 57 44
1 96 18
x
9 43 44
9 57 27
8 72 36
x
10 64 44
15 9 8
x
x
x
11 85 12
14 81 7
x
1 35 4
7 44 35
x
x
13 10 37
14 64 24
4 1 37
15 89 34
6 68 28
x
7 79 28
6 76 33
7 87 22
9 76 43
7 51 13
7 0 13
11 88 36
3 23 13
13 72 20
10 37 44
14 8 26
9 84 22
6 24 33
9 6 28
x
x
4 80 43
x
9 8 13
15 37 44
2 65 10
x
6 12 1
10 24 19
8 54 35
x
x
6 34 38
x
x
x
x
x
4 24 44
3 68 29
x
2 5 4
4 13 7
5 6 34
3 50 2
2 13 40
x
3 78 28
3 59 30
2 8 3
7 63 21
7 1 2
12 56 2
13 36 6
8 78 17
4 50 27
0 52 18
14 44 35
x
5 30 13
5 60 35
x
x
7 35 6
4 42 23
10 50 35
15 60 8
2 83 21
15 77 16
5 0 22
x
x
12 3 32
8 99 5
6 42 41
6 35 29
11 36 25
x
15 67 20
7 59 15
3 73 8
5 84 3
x
12 96 20
5 64 41
15 51 2
12 9 40
5 33 21
14 69 6
x
1 5 18
2 36 39
8 41 20
9 20 30
5 57 25
0 57 9
x
6 1 16
5 61 32
1 58 37
x
1 40 33
14 17 23
5 70 29
8 58 35
x
6 46 17
12 36 38
5 97 43
x
6 88 32
11 46 12
15 25 30
2 16 14
0 2 34
15 33 30
15 80 20
6 2 3
9 91 39
13 80 8
x
8 29 24
x
1 88 20
14 56 35
3 95 32
9 75 20
8 59 18
1 70 4
