3 67 16
3 75 14
9 31 23
0 78 19
4 45 3
15 86 22
11 68 28
x
8 40 14
2 95 17
10 58 31
x
x
12 19 29
3 44 23
3 29 41
x
0 68 38
14 87 4
14 45 11
x
1 75 9
x
15 78 6
3 59 17
0 26 13
15 51 39
15 17 34
4 79 42
11 28 15
12 0 24
x
0 34 0
7 46 8
1 55 38
13 18 13
5 62 24
4 25 28
7 20 20
4 56 0
11 18 18
9 92 0
3 65 13
0 60 2
x
x
9 24 31
11 29 7
6 44 28
10 20 5
13 70 0
x
1 33 29
12 3 39
x
10 0 18
12 71 40
11 31 18
x
15 42 44
8 3 38
13 0 43
10 96 28
8 37 5
13 43 4
x
14 49 18
12 53 19
4 96 33
1 68 23
7 26 38
x
0 48 27
5 7 39
x
x
14 74 37
0 12 41
0 29 24
1 50 0
12 5 17
6 0 43
x
11 44 5
12 96 29
13 91 27
6 39 18
12 47 31
9 33 29
14 93 29
4 35 21
10 50 26
3 24 33
x
2 20 36
13 41 16
2 9 12
12 42 8
5 75 32
14 52 41
9 54 32
12 67 10
7 4 16
1 49 5
11 25 22
8 62 31
7 41 20
x
14 33 44
14 28 36
14 3 34
12 92 14
7 64 15
8 76 35
4 91 5
11 36 31
x
5 65 5
x
6 87 23
8 19 14
4 86 15
x
x
15 95 7
13 16 40
15 33 21
x
x
7 35 11
x
x
x
7 13 2
5 45 33
x
1 62 24
x
3 50 2
11 38 41
14 91 5
6 36 27
12 62 26
9 12 17
x
x
12 76 43
0 27 15
2 89 24
8 13 32
13 66 39
3 0 29
9 44 39
7 16 12
2 32 11
x
2 29 4
x
13 63 2
x
2 16 31
10 77 25
13 28 41
14 15 23
5 19 20
8 43 25
15 29 22
0 41 14
7 76 25
0 9 11
4 50 37
6 51 25
3 73 40
1 82 27
x
1 85 5
x
3 36 21
x
3 80 40
1 28 38
14 64 43
13 37 40
9 46 17
4 0 24
9 38 1
4 10 38
3 40 32
8 34 18
13 57 20
x
14 56 9
8 72 32
x
3 53 29
6 22 43
x
9 60 4
x
11 13 4
x
6 18 31
1 43 40
x
6 92 15
11 79 23
6 35 17
7 79 0
7 45 1
8 0 26
6 34 35
10 14 31
12 85 9
x
8 84 40
x
8 1 8
x
7 15 1
11 22 2
7 2 8
13 51 11
14 59 40
10 37 44
4 24 20
x
8 38 23
9 0 41
3 90 5
3 58 33
6 58 40
0 18 23
14 78 28
13 1 10
8 11 18
4 46 14
6 66 12
11 3 14
6 82 21
0 38 43
x
12 80 24
x
13 11 6
13 22 10
11 41 4
14 22 42
10 43 13
9 35 32
0 43 11
13 81 30
x
9 75 30
15 74 6
3 39 39
2 18 22
x
1 20 19
2 24 27
4 30 37
10 73 5
7 92 32
1 78 21
x
4 8 2
14 43 15
10 11 36
10 55 21
4 72 38
9 90 34
x
x
15 61 27
1 25 35
x
7 50 9
8 12 6
15 65 23
12 90 24
12 69 7
9 16 7
7 19 22
9 49 12
6 55 0
4 41 18
7 63 39
0 31 8
11 51 30
9 19 42
0 11 7
x
3 28 13
x
9 67 36
0 57 21
11 46 31
15 1 3
7 37 36
x
3 19 14
0 56 16
0 52 12
15 26 34
11 54 9
6 14 27
x
8 24 42
1 88 26
14 6 32
2 86 23
x
7 1 39
14 0 27
2 54 28
5 94 44
x
3 54 22
13 56 15
10 24 14
x
8 29 41
12 22 30
10 2 5
15 84 23
12 43 35
14 11 25
5 93 32
1 6 2
11 81 29
8 51 27
7 58 13
5 15 8
1 95 5
11 10 14
2 27 24
10 90 0
x
x
2 21 21
5 39 14
x
x
8 66 10
8 47 10
15 3 11
x
5 41 10
x
5 29 11
7 43 26
4 74 5
4 83 30
2 4 23
6 47 25
x
10 66 37
13 3 20
9 56 10
1 63 13
x
0 16 28
5 78 44
4 29 20
13 49 20
x
3 5 35
2 57 14
x
x
10 7 41
11 95 26
11 82 1
5 53 20
6 63 32
x
7 55 41
9 97 27
12 82 42
x
x
4 16 35
10 31 25
12 36 43
10 18 32
1 35 34
2 19 19
12 15 9
13 86 6
2 63 23
11 58 33
5 12 29
x
1 57 36
10 98 4
0 6 24
x
x
8 53 14
x
7 73 2
4 54 1
13 95 35
0 19 24
5 59 34
1 40 35
11 97 36
3 85 41
3 3 2
2 52 39
11 71 24
9 52 14
2 69 23
3 21 9
3 14 6
2 0 1
9 4 38
10 62 14
2 43 20
7 96 17
x
14 69 13
x
6 49 32
6 79 16
12 30 17
2 82 2
14 99 10
6 25 3
x
5 5 14
4 20 35
x
10 38 22
8 18 11
x
9 69 42
5 95 38
3 31 32
x
14 18 12
15 71 23
12 31 42
9 87 43
0 95 34
1 70 18
x
13 29 30
11 87 26
7 65 28
1 92 40
5 87 12
13 34 44
10 27 40
x
6 6 5
14 37 8
1 1 34
15 9 24
5 56 38
14 82 31
0 64 14
x
4 77 10
x
x
11 62 24
2 62 25
x
0 23 16
14 38 0
x
x
1 10 14
0 1 1
9 66 29
8 58 19
15 58 30
x
15 11 12
11 90 26
7 70 23
x
5 84 17
0 13 27
1 0 26
7 29 6
2 49 20
14 48 3
10 84 42
9 9 44
5 52 23
13 59 5
9 85 39
8 95 11
4 3 3
6 76 18
x
6 70 7
12 58 23
12 98 7
13 68 26
15 20 3
15 32 13
3 96 0
12 52 36
11 30 39
x
15 13 22
x
6 11 18
x
5 21 19
x
x
1 4 31
x
6 42 33
1 15 20
6 96 11
9 77 10
12 10 13
7 85 10
10 49 19
0 85 13
3 38 8
15 59 34
9 43 24
2 45 3
0 28 4
8 99 10
8 81 1
11 56 5
2 91 7
6 30 23
x
10 51 31
4 70 8
3 69 41
12 65 44
2 74 38
7 83 29
11 7 29
15 0 10
0 53 27
12 8 2
x
2 41 38
5 34 37
2 14 12
8 59 43
x
5 47 22
15 10 33
15 90 23
9 82 29
2 79 21
x
0 90 35
8 86 12
2 26 26
1 83 32
10 87 10
13 79 4
0 36 15
11 0 18
4 67 27
x
2 36 8
x
x
x
10 83 30
4 64 42
13 74 28
5 70 18
0 74 22
x
14 42 13
7 89 9
x
5 0 11
x
12 25 36
x
11 91 12
x
7 9 39
8 92 1
15 67 6
15 39 15
15 57 3
4 58 44
11 74 32
14 58 15
15 23 28
14 34 29
14 46 2
2 66 22
7 23 41
x
3 95 5
8 9 42
5 25 37
x
10 40 4
2 75 4
4 12 4
9 28 15
x
10 69 9
x
0 81 32
8 73 25
6 8 41
7 53 37
2 77 2
13 8 9
0 0 11
3 9 44
x
15 34 1
3 7 10
7 0 5
7 44 14
15 47 16
