7 65 32
1 43 12
x
4 45 31
x
x
0 97 18
x
10 28 21
x
x
x
x
2 54 42
x
x
11 0 32
11 5 23
1 71 15
8 72 0
x
7 2 35
12 70 23
9 10 2
8 78 28
15 9 13
7 29 44
1 36 26
9 59 35
x
1 64 14
5 66 35
11 44 19
6 10 15
x
3 21 23
11 10 10
9 24 34
x
14 51 28
14 6 43
0 92 34
x
2 44 0
12 47 41
3 81 1
x
10 0 22
7 10 44
2 38 13
x
x
8 4 22
7 43 7
3 91 2
8 31 41
14 72 4
4 31 39
12 90 34
0 60 16
8 47 38
11 28 27
5 39 6
x
5 87 37
15 91 0
1 40 25
13 81 21
13 91 21
13 69 18
x
8 33 44
15 53 44
1 22 31
2 9 19
6 6 39
x
7 73 41
6 98 16
15 41 41
x
0 21 24
4 78 28
6 31 35
5 27 14
7 25 28
13 66 10
13 50 21
15 39 17
9 30 30
x
8 99 29
x
11 73 35
x
x
9 54 31
14 10 36
x
13 86 3
10 51 30
3 89 6
12 77 1
11 68 10
6 24 43
5 71 29
2 78 1
2 22 22
2 62 8
0 28 38
x
12 28 25
x
2 30 40
x
0 8 31
8 11 41
11 95 25
1 83 10
11 61 33
2 68 38
12 31 36
8 67 25
0 87 35
1 9 10
7 71 40
0 0 7
3 44 41
3 59 5
3 50 34
4 53 44
x
x
0 78 34
8 85 43
15 0 30
8 41 25
1 0 19
14 82 26
9 86 1
1 4 8
14 64 22
x
x
6 26 16
4 4 7
15 84 18
8 9 13
6 60 16
8 93 34
6 76 38
x
12 25 14
x
3 96 44
x
0 80 24
0 16 21
5 10 14
7 74 8
4 29 16
14 46 26
9 75 33
7 81 20
5 20 24
8 42 18
9 63 32
8 10 8
7 58 31
15 58 41
9 26 37
10 65 24
10 26 42
6 34 5
9 96 23
6 62 1
3 39 8
7 77 42
11 46 8
10 40 8
x
9 1 28
11 83 18
8 58 11
0 18 24
15 64 36
12 14 29
x
x
x
x
1 55 24
0 48 21
1 96 14
14 18 31
14 60 15
5 13 36
15 3 6
14 94 30
1 92 42
13 57 11
x
5 95 37
7 96 11
10 73 13
13 76 38
4 64 26
1 16 3
12 94 6
12 27 14
8 15 5
2 91 27
4 36 27
6 57 30
5 61 39
0 33 28
7 37 25
0 35 19
14 53 18
6 65 4
14 54 6
4 65 24
6 37 23
7 45 34
9 90 10
2 83 23
11 71 25
6 68 5
11 35 28
5 0 16
3 30 3
12 53 18
1 67 11
12 48 42
11 79 42
8 87 19
11 1 16
x
13 4 9
7 0 13
11 69 30
10 77 43
3 25 38
14 22 28
x
x
4 8 21
5 75 4
x
15 68 20
12 18 26
8 84 4
5 85 37
x
12 92 35
x
12 10 22
2 63 37
6 35 15
x
6 14 35
9 48 19
x
2 87 32
0 52 5
10 84 35
13 63 16
x
13 71 6
x
9 53 34
5 84 6
9 78 37
0 26 27
4 87 44
3 84 1
13 58 10
x
x
5 57 17
x
8 92 7
1 1 0
7 78 12
14 30 13
5 45 42
8 18 6
6 21 14
0 43 43
10 53 29
12 43 2
8 46 39
1 57 37
8 16 34
2 80 40
1 87 39
7 84 19
13 9 41
9 66 39
3 74 5
14 78 4
x
5 63 7
12 1 24
0 65 10
6 72 33
5 29 5
x
15 14 28
4 48 27
9 15 43
x
5 1 0
8 64 36
x
10 86 31
x
x
2 97 42
7 94 10
7 5 41
11 80 14
3 13 39
15 32 19
8 0 33
10 90 34
4 0 37
2 18 18
7 61 27
4 51 30
x
x
3 76 12
x
3 19 44
13 43 30
7 91 32
10 96 4
1 75 15
5 93 19
9 82 5
6 92 7
12 84 24
15 10 29
7 20 21
14 57 30
x
12 93 20
6 0 43
x
9 20 32
x
15 72 42
x
5 50 26
x
15 95 17
10 1 42
1 49 13
x
8 6 11
x
9 52 18
10 37 10
3 10 11
x
0 83 14
2 76 34
14 99 1
13 13 10
1 20 12
13 95 27
2 51 20
x
11 56 13
0 1 33
11 29 12
11 87 0
x
11 51 43
6 53 5
x
14 33 43
9 35 10
8 21 19
x
x
4 13 42
2 35 20
8 74 20
12 97 27
9 91 35
5 34 10
14 19 36
x
6 49 31
12 8 39
15 59 35
5 15 22
2 41 39
13 79 26
x
3 3 36
x
10 79 43
11 32 5
9 37 18
x
10 24 8
12 64 43
x
7 39 12
11 19 19
4 96 20
9 44 26
x
6 94 36
x
4 69 37
x
6 82 11
13 22 21
5 59 17
7 62 22
14 77 43
11 13 34
10 83 43
x
11 22 10
15 78 40
5 52 15
3 53 23
8 25 39
3 38 34
x
8 52 16
4 82 40
15 27 41
15 80 25
14 14 6
15 88 40
0 11 17
3 87 8
14 89 19
5 22 33
3 73 36
10 5 16
14 86 8
3 67 3
2 3 35
10 10 14
2 94 39
5 46 34
4 24 10
9 77 36
13 49 43
8 61 5
3 58 0
3 7 38
x
2 57 9
12 3 13
12 82 0
14 38 25
10 31 10
7 51 2
9 0 27
7 18 40
x
8 37 25
10 15 24
10 49 40
13 17 27
x
15 77 32
0 74 26
9 43 4
0 4 40
2 14 3
12 52 44
12 54 44
x
5 5 20
9 71 43
15 57 10
6 87 5
x
2 0 7
x
7 55 24
x
x
3 1 9
4 41 15
1 31 7
x
15 63 23
12 72 38
x
14 44 35
10 34 42
4 1 16
8 73 2
7 67 10
x
13 56 10
0 41 1
x
14 79 12
10 62 21
x
x
x
6 44 28
13 2 26
14 0 39
12 45 7
4 18 35
x
1 78 23
4 55 42
x
x
2 25 17
14 56 22
6 78 18
13 90 21
10 45 3
12 0 25
3 95 34
5 8 28
1 14 38
13 34 25
x
x
x
14 28 9
14 3 7
1 62 41
3 65 33
6 8 18
13 31 11
3 0 11
5 80 27
2 49 21
9 76 18
2 74 27
x
13 0 43
8 12 17
7 13 10
12 36 29
12 96 7
14 39 42
0 57 29
10 59 39
3 36 25
8 26 14
10 18 13
12 42 14
7 89 29
12 67 39
x
12 16 16
13 73 21
x
12 50 6
7 46 30
6 80 29
x
15 19 1
14 59 4
6 41 9
12 60 11
x
x
10 54 18
14 21 18
7 86 9
2 16 33
13 28 38
4 60 43
11 39 22
4 91 8
x
1 28 14
14 68 25
5 41 3
10 69 23
0 54 18
10 94 21
13 38 16
0 69 22
11 18 36
1 6 34
x
0 49 22
14 11 27
12 57 25
9 6 30
14 67 24
5 55 9
13 59 32
4 73 11
x
12 23 20
15 45 43
x
x
15 23 29
x
x
2 6 4
6 18 10
x
14 84 22
0 75 5
7 36 39
15 34 12
x
11 90 39
2 1 2
7 35 4
12 9 8
15 49 13
