5 45 16
15 60 9
1 0 44
1 10 35
13 68 37
5 88 19
1 88 6
6 18 20
4 58 43
9 80 35
x
0 11 22
5 22 7
12 12 27
13 84 38
0 30 1
2 10 34
13 89 28
9 7 41
0 74 20
x
x
0 32 16
10 90 33
x
x
0 5 27
3 12 30
9 35 24
4 45 30
5 8 3
9 48 32
10 1 23
6 25 24
4 91 21
7 38 29
7 62 33
15 68 3
15 1 10
6 39 31
8 64 18
2 40 31
x
3 96 39
x
x
13 51 41
7 89 11
3 0 19
8 54 10
5 26 30
x
8 85 44
13 76 40
9 57 43
x
1 66 25
11 6 2
7 36 18
11 19 39
1 83 1
8 87 43
6 58 0
11 68 22
11 95 39
5 57 19
x
1 95 34
6 29 16
5 81 1
14 33 23
x
3 24 42
7 7 14
13 22 21
x
3 77 13
10 18 32
15 86 17
x
x
4 95 29
5 16 16
11 88 14
x
8 76 9
12 97 27
x
7 87 31
9 2 19
14 9 40
x
14 67 11
15 51 19
3 20 32
2 5 27
14 72 31
x
11 46 9
10 44 39
13 49 20
4 46 32
x
x
7 15 10
5 77 11
2 83 32
7 92 1
8 27 18
6 41 44
6 51 22
x
6 8 17
9 90 15
x
1 49 5
x
11 61 6
5 40 41
2 87 27
6 68 26
1 3 14
15 91 12
11 90 34
0 90 10
x
15 32 30
1 78 14
7 42 33
12 10 20
5 20 27
0 44 32
4 68 30
x
2 66 43
x
3 65 41
x
x
x
15 47 40
3 58 3
13 79 38
x
1 32 17
10 3 43
10 96 22
x
11 2 34
10 77 13
x
x
12 51 0
11 14 31
9 44 42
x
3 15 34
4 87 15
10 28 27
0 83 36
9 75 16
x
13 62 4
14 44 33
11 49 0
x
6 73 22
5 5 19
8 58 37
3 51 21
x
13 29 39
12 4 12
13 0 20
4 12 33
8 61 2
7 29 29
8 99 25
0 55 8
1 56 22
x
12 32 31
x
2 63 7
x
4 54 8
4 61 42
x
12 48 26
5 1 12
6 66 14
8 40 42
10 0 6
9 11 37
3 36 37
15 88 27
x
x
12 23 7
13 63 8
3 50 42
7 3 27
15 35 2
x
x
0 21 37
x
x
8 39 22
3 19 3
4 29 19
15 14 27
x
x
4 52 19
x
0 28 33
1 40 30
7 76 9
1 63 29
4 33 15
4 64 7
15 79 24
6 17 22
x
x
0 77 5
x
x
8 84 21
x
13 28 35
2 49 0
x
x
4 48 0
8 10 36
13 41 22
9 60 6
12 63 30
4 85 13
11 0 25
x
x
13 33 38
x
2 28 24
7 95 4
11 11 33
15 21 9
5 11 20
2 0 18
5 84 11
x
12 42 21
5 39 10
4 8 22
9 67 1
8 20 43
6 93 35
12 58 10
11 37 18
3 81 3
8 50 2
3 38 24
6 76 20
x
10 10 34
10 49 33
0 45 41
3 95 30
5 87 25
x
5 93 42
x
3 61 11
15 9 14
1 37 36
12 62 30
13 82 36
10 56 43
0 34 27
7 12 0
13 45 5
12 71 5
0 43 10
1 45 26
8 68 35
15 17 16
13 67 40
15 49 22
7 37 6
14 23 3
13 11 41
1 13 2
x
6 37 1
11 69 15
5 33 15
2 74 28
1 55 29
13 99 25
8 80 5
11 4 26
2 57 27
x
x
x
11 73 24
15 40 30
9 18 40
12 3 16
2 15 21
14 47 7
x
4 73 40
0 60 23
4 0 10
1 24 39
x
6 85 10
1 19 21
x
7 70 36
12 37 29
0 79 17
12 96 12
3 45 34
11 30 37
8 74 42
10 72 38
x
x
x
14 56 11
x
14 82 0
3 53 21
12 55 43
15 27 22
x
15 77 27
7 65 31
9 26 12
x
13 1 31
7 0 32
11 28 33
12 27 36
9 66 4
13 8 31
2 25 25
x
4 93 14
2 38 39
x
7 81 27
12 44 34
x
10 59 37
4 42 31
7 21 30
6 6 15
9 24 0
2 92 31
6 64 20
4 1 27
15 29 13
x
12 19 43
14 28 29
9 95 41
x
13 38 33
8 45 15
15 65 39
1 16 3
8 88 25
15 0 28
12 74 30
10 68 5
7 57 8
2 95 40
6 56 30
11 31 3
8 14 8
x
3 30 42
x
5 63 6
6 78 4
x
10 64 29
2 1 8
x
12 67 27
x
4 19 16
x
8 31 35
x
2 68 11
10 13 24
x
x
4 5 24
10 51 15
15 70 32
15 84 1
2 45 26
5 6 13
12 15 32
12 92 41
2 76 0
7 77 33
4 35 37
8 4 4
1 22 36
x
8 0 11
0 35 6
14 77 2
2 85 19
x
8 92 32
10 19 29
10 24 8
5 67 14
1 71 38
11 86 42
6 14 4
2 33 13
8 9 8
2 37 29
12 79 1
3 85 38
3 3 18
9 53 0
4 24 17
11 82 26
4 16 12
x
x
x
13 57 24
13 56 14
13 13 28
2 7 15
12 84 16
x
15 95 42
14 6 36
7 53 5
3 27 9
1 62 37
4 41 21
15 57 34
14 32 27
6 90 22
10 31 14
10 40 22
x
9 72 40
7 35 29
x
11 57 0
12 90 34
6 98 3
4 30 0
3 73 41
15 10 35
2 3 13
x
14 85 33
12 43 22
14 99 24
x
x
7 51 17
x
9 77 17
12 7 8
14 50 0
10 87 23
7 91 39
0 0 29
0 48 35
x
0 63 13
9 39 26
9 43 16
5 53 38
x
5 30 12
6 46 39
3 21 9
14 71 6
6 0 13
7 17 15
15 25 31
14 30 31
7 26 27
5 86 9
2 21 29
10 83 7
x
2 62 37
11 42 26
1 29 32
x
7 90 7
13 18 29
8 15 5
8 34 4
5 75 12
5 61 20
8 72 42
15 72 17
0 69 18
6 9 41
13 3 29
15 4 20
1 8 24
13 94 21
1 28 44
15 33 28
14 3 35
1 51 24
1 2 38
0 41 36
2 17 22
15 45 34
3 90 3
8 28 13
6 60 22
2 53 38
4 89 5
9 15 44
0 19 3
8 22 33
12 65 40
0 52 25
7 86 14
11 24 3
15 43 10
12 2 27
14 4 43
6 81 16
2 19 29
5 72 24
3 67 38
0 14 28
5 0 29
6 20 41
2 80 29
x
x
3 40 30
0 23 36
x
15 12 8
0 66 4
12 0 0
1 76 23
14 36 28
14 64 23
11 35 41
5 95 41
9 0 19
x
4 77 15
x
8 42 44
x
9 30 28
x
x
11 18 34
10 7 38
14 0 24
10 25 29
5 50 22
14 39 36
14 14 13
1 91 29
6 61 36
8 23 23
13 73 30
2 11 40
x
x
14 58 5
x
6 34 34
11 51 9
10 84 36
10 37 31
11 54 1
14 53 17
7 72 28
11 29 2
0 75 29
14 19 34
8 93 29
x
6 54 16
9 85 13
5 47 0
x
0 86 21
7 47 17
4 81 11
x
11 79 1
6 35 20
x
14 90 17
1 9 30
0 95 14
13 69 1
14 93 44
12 53 34
12 6 41
11 41 28
3 8 37
