8 77 7
0 79 38
x
x
8 9 15
3 0 8
x
14 12 34
x
6 49 19
12 32 13
x
x
10 92 26
4 5 34
7 56 41
9 90 29
11 7 34
15 63 3
12 63 12
12 55 19
x
10 96 2
5 22 14
2 21 27
9 66 10
5 84 31
13 31 19
7 15 35
7 5 10
12 79 31
3 89 44
x
x
10 0 40
1 68 43
11 91 16
15 95 0
5 93 14
x
5 96 1
0 86 0
x
x
x
12 82 41
9 61 38
13 0 31
10 71 8
1 29 5
2 88 24
0 41 38
8 92 0
x
13 81 18
8 86 39
7 24 8
4 31 15
x
10 66 28
6 70 28
14 1 17
12 2 43
11 0 9
x
11 96 26
11 50 21
2 13 11
x
9 55 16
12 45 14
7 50 44
10 89 17
9 15 6
x
10 59 7
5 67 38
1 55 17
2 53 34
14 57 21
3 86 12
2 80 27
13 34 30
x
x
15 74 24
14 7 26
x
7 88 7
4 68 24
10 74 27
14 0 6
7 6 1
14 83 0
12 59 9
12 93 5
12 27 37
13 49 16
5 19 22
4 36 0
0 49 21
6 77 32
x
3 67 22
3 19 3
15 10 11
x
5 54 36
6 8 42
x
8 12 1
6 46 16
13 11 15
14 78 25
1 7 16
14 40 31
14 64 2
14 93 10
0 1 23
4 0 42
3 23 28
9 32 31
6 96 38
x
1 2 40
11 94 42
10 41 40
x
8 19 25
1 42 2
11 35 34
4 24 9
7 90 27
11 20 4
13 56 36
3 46 43
15 57 12
3 95 5
x
2 6 44
10 15 0
14 49 25
5 27 30
8 94 0
7 72 21
4 10 43
14 23 16
1 40 34
x
0 25 31
14 29 34
10 2 33
9 8 31
9 45 1
12 7 22
13 17 22
x
14 61 41
x
10 60 29
8 32 19
13 38 3
x
1 72 31
13 29 36
1 96 21
13 1 35
x
15 5 15
14 28 39
6 37 21
x
0 77 21
3 38 38
x
11 38 41
14 67 5
x
6 63 23
x
11 58 18
5 71 17
1 75 12
x
10 79 25
x
10 13 30
15 41 7
5 80 17
7 58 14
7 82 43
9 43 22
7 41 24
12 18 20
x
13 58 44
13 22 29
3 13 22
12 23 4
4 96 14
7 0 44
1 35 9
8 52 30
4 76 20
x
5 17 2
2 60 0
3 4 28
3 53 9
x
0 48 25
5 6 4
11 3 38
8 34 36
14 10 18
x
15 34 42
x
11 41 2
4 46 39
2 74 24
15 84 17
x
3 65 35
0 5 30
x
9 24 24
x
x
9 4 13
7 42 22
0 43 3
4 59 0
2 69 7
7 4 39
13 70 7
2 9 32
7 63 8
9 79 16
1 62 41
0 63 31
0 71 33
x
x
11 12 30
x
8 58 42
11 53 11
11 63 23
9 51 20
2 64 0
8 0 18
2 28 39
12 48 16
7 81 2
x
x
12 69 38
2 71 0
10 8 1
8 15 42
x
3 28 35
8 79 15
15 54 42
x
x
11 31 16
3 21 12
11 28 14
6 76 10
8 3 30
10 32 42
6 68 8
0 59 7
2 41 2
x
0 52 17
3 73 21
11 69 11
8 88 17
2 59 20
9 48 18
4 93 4
x
8 4 3
3 32 29
12 64 2
x
7 99 11
10 98 31
13 84 16
8 63 25
2 26 0
2 85 6
1 18 37
10 37 42
14 14 44
0 30 0
12 67 3
11 79 6
x
6 9 43
x
x
x
x
15 27 32
x
8 5 44
14 44 42
11 34 22
12 0 35
12 42 3
14 4 11
12 11 32
x
4 45 43
1 93 13
7 10 7
13 50 14
1 81 20
6 20 33
x
x
15 48 39
15 33 25
2 34 27
11 30 40
4 29 17
6 54 41
1 86 14
5 39 15
3 54 37
3 74 27
11 22 39
6 41 18
12 96 28
3 41 22
4 64 8
7 77 27
11 18 37
2 92 3
13 96 22
13 91 43
4 42 39
x
x
5 57 13
13 21 3
15 20 4
2 18 10
3 8 27
10 57 18
3 50 26
5 14 21
x
0 96 35
11 82 27
14 18 2
x
15 90 1
4 41 20
x
x
8 42 32
0 12 16
3 44 29
15 32 33
x
14 42 44
1 56 34
13 24 1
0 65 44
4 49 11
12 4 11
x
2 38 16
11 68 43
7 67 0
9 75 4
0 91 7
x
13 3 1
11 87 9
12 92 6
4 19 16
8 47 36
10 63 32
11 42 33
6 82 28
15 58 19
9 57 30
x
x
x
0 0 9
2 1 33
3 59 38
9 29 10
x
9 95 12
15 16 19
12 52 31
9 67 37
0 44 29
15 36 42
1 84 40
1 12 41
5 0 22
14 5 23
7 84 35
12 86 2
x
13 74 19
6 85 37
4 85 35
8 1 22
9 70 2
0 21 13
8 37 23
8 72 4
3 76 22
x
2 63 17
x
12 85 39
7 29 32
14 88 26
1 79 32
10 42 16
14 74 41
x
12 90 4
x
x
0 16 42
2 44 5
4 73 35
4 89 27
15 97 21
13 43 8
x
15 69 16
x
12 22 43
5 62 6
9 10 30
5 9 5
x
4 80 9
7 60 20
x
6 59 0
15 9 7
6 6 21
1 32 19
12 58 37
5 35 29
14 35 1
11 74 10
12 74 17
4 25 33
14 3 36
7 47 0
2 49 41
2 0 15
3 68 35
8 29 6
x
15 88 18
5 76 43
7 36 4
13 65 26
1 41 2
9 7 40
x
1 14 24
4 66 7
10 18 17
9 20 37
10 86 20
6 17 0
7 1 20
11 37 44
8 24 4
x
3 36 26
10 45 40
9 26 13
10 40 35
1 44 18
x
x
x
0 68 41
x
7 19 20
9 91 29
0 84 13
15 14 28
8 44 8
6 62 17
10 50 6
13 85 17
8 99 10
x
15 23 18
10 24 41
10 5 13
5 5 19
14 31 21
1 49 7
6 90 44
9 2 16
5 78 13
15 52 10
x
1 23 23
0 35 10
x
7 95 18
6 95 39
12 36 42
2 5 43
7 54 10
6 0 25
12 15 11
7 35 3
1 28 0
13 79 30
3 70 25
x
0 74 32
14 99 34
3 82 3
5 45 18
x
14 65 11
13 28 34
1 0 29
7 12 7
3 58 4
x
3 39 35
x
x
1 64 39
14 55 40
14 52 7
13 5 16
6 25 3
0 11 14
15 78 18
11 71 24
1 90 8
x
13 12 21
x
13 10 2
10 30 30
10 54 23
8 10 42
8 84 6
x
5 47 37
15 67 29
9 84 16
9 13 36
x
6 1 7
10 49 44
5 89 21
x
4 54 34
2 30 26
4 14 11
x
x
13 89 10
0 56 44
15 45 16
x
15 0 33
2 55 34
10 83 10
3 96 10
x
8 67 24
x
6 45 10
x
11 46 4
2 62 25
10 27 14
12 60 40
11 1 1
13 86 44
6 30 42
5 50 38
x
9 5 14
0 6 42
6 12 19
6 79 24
11 80 6
x
2 97 1
9 0 1
10 19 12
13 61 27
x
6 34 41
x
x
14 72 13
x
x
5 30 36
3 78 8
9 37 28
0 54 42
6 44 18
x
2 76 38
