3 38 0
x
5 81 5
14 39 2
x
4 92 22
4 32 9
11 84 20
9 25 33
1 34 5
1 91 8
3 0 3
x
9 3 2
7 83 44
12 42 39
13 77 18
x
1 43 31
7 35 28
5 45 14
14 29 36
x
10 1 43
8 52 32
5 52 13
4 84 3
1 56 7
11 96 37
x
3 80 8
6 42 36
4 45 39
1 75 1
x
4 17 44
1 28 42
1 59 24
1 17 14
x
14 10 39
12 55 24
8 68 2
7 66 32
9 0 30
11 75 23
5 96 44
0 74 22
11 93 20
12 4 7
13 66 36
9 66 22
15 17 16
0 84 14
5 53 41
11 43 44
0 63 44
5 62 2
9 43 40
x
2 85 27
6 47 42
8 72 13
6 88 5
5 87 44
4 80 22
5 59 41
15 46 6
13 96 24
x
1 67 4
8 24 29
14 32 32
14 85 41
2 95 8
x
13 73 42
5 93 36
13 29 42
9 54 40
x
7 4 40
11 59 23
10 6 2
4 21 6
11 1 35
10 88 34
1 70 8
8 22 44
x
1 95 41
13 79 26
6 29 35
x
8 9 18
3 76 23
10 70 43
6 92 27
x
6 58 9
x
5 1 39
6 93 23
4 64 22
3 40 15
13 81 16
1 49 3
12 33 12
7 14 43
3 83 39
x
12 1 0
1 53 35
0 33 41
13 33 17
10 26 7
x
x
15 4 32
x
7 73 4
x
x
9 10 1
15 92 15
x
x
x
2 12 23
10 24 16
8 10 33
x
x
8 3 31
7 2 43
15 53 18
13 28 18
3 36 37
x
x
14 0 41
15 97 26
11 81 32
13 2 21
x
x
0 75 6
11 80 14
6 73 7
10 40 1
13 0 14
12 66 1
2 28 9
3 73 19
12 16 7
11 69 11
1 64 9
x
0 86 27
11 63 6
6 55 23
13 8 33
6 91 30
11 53 37
5 84 9
7 15 0
1 20 17
x
10 45 19
4 11 29
x
11 23 19
x
12 44 2
13 62 21
2 2 16
11 28 31
x
7 24 23
15 87 31
9 15 26
2 68 35
4 4 27
15 28 37
3 46 30
x
10 28 9
9 6 10
x
6 98 24
x
2 30 13
9 24 1
13 85 29
7 32 32
8 45 37
x
4 65 27
8 48 28
5 72 7
5 48 20
x
14 5 7
14 80 12
x
7 88 38
4 1 12
2 49 2
x
8 99 36
5 40 39
x
4 96 38
5 5 30
10 49 3
4 2 22
5 8 30
8 61 20
7 33 3
13 70 6
8 59 42
10 13 42
x
15 58 39
5 86 20
13 44 13
x
15 71 21
x
x
9 37 18
15 57 31
x
7 78 25
7 13 18
x
x
15 34 34
3 95 34
0 89 6
1 84 28
0 14 1
x
0 1 23
11 12 1
5 76 17
2 5 12
11 45 7
14 69 16
14 19 39
10 83 14
12 90 17
x
3 31 14
14 4 21
8 21 43
1 3 37
9 95 21
1 51 30
3 26 42
8 41 34
10 32 11
12 49 44
2 90 11
5 67 21
8 39 26
5 10 9
4 70 41
3 50 17
13 31 43
1 47 18
2 62 8
7 62 8
3 78 0
15 75 3
9 48 37
x
12 64 33
13 54 2
9 1 41
2 45 23
2 36 17
5 13 32
11 5 22
0 16 29
x
15 59 2
5 41 10
13 58 40
3 58 5
7 42 37
7 1 10
4 76 42
11 73 13
8 12 40
0 58 23
11 41 4
x
5 27 5
5 79 17
12 48 25
6 6 33
12 69 34
8 74 6
15 67 35
5 49 11
3 3 40
15 13 12
14 42 39
6 62 0
12 20 22
10 0 7
10 59 44
3 23 9
x
4 47 34
4 8 9
14 99 20
4 29 30
x
3 67 26
1 31 15
9 28 28
4 15 4
10 61 15
13 13 23
0 41 28
6 65 19
x
0 38 3
x
12 9 32
6 17 25
x
x
6 12 35
6 84 22
10 19 26
2 42 40
x
12 96 26
13 56 41
12 84 7
14 54 43
8 34 25
2 25 37
1 7 13
5 94 3
x
10 96 21
13 17 11
12 92 12
15 23 42
1 40 19
0 24 20
8 15 2
1 22 17
x
x
7 46 2
15 32 40
1 10 33
8 84 28
x
9 20 17
x
10 55 30
3 92 12
11 0 41
x
0 27 44
2 37 27
4 12 33
13 41 34
x
x
0 48 28
5 16 36
6 57 27
9 69 2
3 42 16
x
3 13 23
9 84 13
8 28 22
1 42 32
0 29 33
15 62 38
x
2 32 12
4 89 15
12 36 8
4 51 22
8 32 32
9 51 13
x
7 36 25
12 76 12
3 8 5
x
0 22 9
7 95 0
0 96 0
x
7 54 38
12 30 34
2 76 2
1 62 4
1 87 2
11 56 44
5 36 36
x
5 19 29
11 8 17
12 72 22
x
x
6 27 2
x
13 89 42
x
9 60 34
1 15 32
x
7 44 14
x
6 34 3
2 17 20
14 72 13
10 30 34
14 77 35
11 89 31
5 39 8
2 74 35
13 49 32
8 86 12
2 56 29
6 8 0
x
x
2 22 11
7 90 11
2 10 31
8 93 27
4 35 28
x
14 93 43
8 76 34
6 0 11
6 48 12
x
8 18 24
10 51 25
4 41 41
13 80 23
5 95 40
7 51 24
x
15 84 10
4 58 5
7 9 1
6 35 0
12 45 43
x
4 24 17
14 65 16
12 80 36
9 67 2
4 55 14
14 47 38
8 66 43
9 77 40
9 79 27
5 22 40
2 27 3
2 94 30
8 92 34
13 23 38
x
12 0 24
11 33 18
14 90 22
5 69 36
7 70 36
3 65 31
9 90 44
x
10 18 15
11 50 44
x
x
9 44 2
x
11 20 31
2 63 25
0 11 37
x
0 91 1
10 91 31
13 6 38
12 53 5
6 24 38
8 2 37
14 35 10
7 45 37
5 0 2
14 64 20
12 60 22
13 20 12
x
14 84 9
14 23 4
0 68 44
1 79 21
8 69 41
11 18 17
x
15 38 7
8 79 28
10 8 7
x
15 79 10
6 87 39
10 65 11
0 52 4
x
2 75 28
x
8 1 35
4 0 39
6 22 36
x
x
10 97 4
11 68 0
9 33 37
1 89 39
11 86 19
x
x
12 7 9
4 73 24
0 26 22
0 19 39
x
8 0 13
6 53 28
5 32 11
10 37 35
x
x
0 53 22
11 79 7
14 14 17
5 56 12
14 51 14
1 55 44
7 19 9
11 36 17
0 0 20
2 0 3
0 81 8
6 89 20
6 40 43
7 80 31
x
x
12 25 0
x
8 85 22
15 19 27
7 0 26
13 38 2
x
x
x
7 57 10
1 86 23
15 43 22
6 51 40
9 86 15
x
6 76 4
3 59 43
15 9 16
12 13 9
6 69 30
x
0 43 18
7 29 1
14 28 8
7 37 22
3 53 5
12 47 2
1 0 5
13 93 41
x
x
x
15 0 28
x
9 58 22
2 81 44
14 58 38
6 81 13
9 75 25
3 88 43
8 5 36
15 51 19
3 19 7
x
0 6 34
10 79 7
2 53 37
x
0 79 29
12 81 8
x
x
x
x
x
14 3 4
8 58 10
10 75 0
x
