x
5 68 22
2 50 30
12 72 32
x
2 17 41
13 32 41
12 9 9
10 72 1
2 90 37
12 5 33
10 56 38
x
x
4 53 35
7 35 16
3 17 27
9 25 14
3 96 33
3 38 38
15 0 27
2 66 17
15 57 14
7 20 13
4 95 5
7 48 15
x
10 77 10
10 91 29
1 40 38
1 18 38
x
15 74 26
9 91 26
5 1 17
x
11 68 27
10 70 28
3 5 21
1 9 31
2 39 3
13 40 43
0 6 27
14 85 35
0 43 22
x
x
4 82 29
14 40 44
5 59 3
x
7 63 32
12 96 1
3 88 31
x
11 43 9
10 18 21
15 26 40
8 84 4
x
x
10 97 37
x
x
x
x
7 37 6
0 53 8
9 5 14
x
2 87 16
14 4 26
4 84 15
x
7 10 32
14 0 37
14 19 10
10 87 4
6 35 43
7 86 12
x
4 64 6
11 57 3
3 31 40
8 32 7
14 30 7
11 71 31
x
0 0 17
6 42 20
x
0 52 30
13 36 29
0 35 30
x
7 18 17
4 6 17
14 99 8
12 50 6
0 27 9
x
0 8 39
13 68 30
x
10 50 39
9 9 12
14 36 28
12 19 7
5 73 25
4 75 22
5 45 32
2 8 42
13 79 14
x
11 61 1
6 54 26
11 32 11
7 29 17
8 38 10
9 48 40
1 71 34
6 28 34
7 53 32
5 95 29
12 83 30
11 30 20
7 40 40
1 49 36
9 95 0
4 48 35
15 3 24
x
x
13 0 27
0 13 3
x
10 75 10
3 58 13
7 77 37
4 3 28
14 74 15
13 45 7
x
14 59 43
6 90 6
15 87 20
12 42 30
5 50 41
x
9 84 43
x
x
4 73 15
7 15 33
x
5 84 5
12 75 2
2 63 33
x
14 71 6
1 21 18
x
10 76 23
2 70 8
1 83 40
1 44 17
13 57 34
1 57 30
6 69 3
8 58 38
x
x
14 34 7
6 34 22
13 83 17
0 87 31
2 95 23
x
x
2 43 44
6 95 34
3 67 28
11 74 44
12 11 26
4 35 38
2 78 1
6 88 37
x
4 13 9
7 84 7
4 33 0
x
11 28 44
x
7 72 40
x
9 80 18
14 93 25
x
6 15 5
5 66 34
10 52 9
12 14 20
0 77 24
7 44 20
3 39 34
3 65 7
11 96 13
6 0 24
4 81 34
1 56 27
x
0 96 28
13 13 12
7 6 2
12 98 39
0 11 10
7 58 43
x
4 16 37
4 38 26
9 61 38
12 46 23
11 29 17
10 44 41
x
1 81 0
7 49 8
8 85 25
x
x
7 1 36
6 84 31
1 25 44
6 6 1
x
10 60 22
9 53 17
10 64 38
11 20 15
15 33 31
9 82 41
x
11 38 18
15 9 34
14 16 11
12 67 4
15 69 39
12 92 13
9 57 34
8 16 26
1 55 7
x
x
x
10 85 13
14 65 36
15 36 19
6 52 41
14 8 18
1 28 26
13 2 40
4 19 14
9 76 43
2 28 35
5 20 24
0 48 12
13 80 19
10 98 15
4 1 33
2 65 32
2 52 19
x
2 32 32
12 37 39
6 56 37
9 24 7
10 80 4
14 1 2
6 67 11
x
10 69 2
11 49 15
13 19 41
7 90 12
13 35 36
3 0 12
5 74 32
5 22 23
1 60 41
1 58 20
1 85 18
10 29 13
11 18 41
x
6 62 22
12 3 17
14 89 2
8 25 27
3 19 5
14 3 21
15 86 26
10 33 8
x
2 13 7
4 24 23
1 0 9
11 45 2
11 87 36
x
15 78 10
0 41 40
x
1 15 13
4 83 19
10 40 16
2 25 21
10 96 23
x
13 28 19
x
12 0 25
15 47 23
1 69 5
7 25 31
8 21 11
5 5 27
14 55 3
10 59 15
4 11 29
13 22 19
12 22 3
9 13 29
12 78 33
x
11 7 35
x
11 92 43
4 50 3
15 84 20
2 74 38
x
9 30 6
5 11 6
4 58 10
10 37 15
9 39 42
12 88 41
9 18 24
5 0 24
6 72 11
x
x
10 13 5
8 9 11
x
x
0 23 18
0 63 33
1 34 29
2 30 7
13 73 16
10 83 37
8 30 0
6 59 18
x
0 31 37
8 89 14
4 0 16
x
3 50 15
15 95 4
15 59 22
15 23 42
4 90 13
x
5 51 32
8 64 0
3 53 9
5 15 26
12 53 16
7 67 22
x
0 58 42
13 64 41
x
12 61 34
x
0 74 38
13 59 32
x
3 8 8
12 33 35
7 8 20
1 93 41
6 1 37
5 94 27
10 2 17
11 52 33
1 86 35
2 11 25
9 69 36
10 9 35
10 88 38
8 44 0
13 49 3
3 23 14
x
7 4 43
x
3 74 1
x
14 49 9
12 29 38
1 11 12
x
1 89 12
15 76 11
13 9 22
8 11 1
11 12 28
11 2 39
0 85 11
6 81 0
9 1 8
3 90 9
2 0 5
1 64 30
11 82 25
1 5 16
x
7 93 4
x
8 92 35
8 3 21
x
x
8 67 8
7 97 7
7 73 12
x
0 18 24
1 32 13
5 28 10
6 76 36
3 73 7
15 64 44
15 44 29
2 56 4
13 52 0
6 37 35
3 85 6
5 62 24
9 2 36
9 90 2
x
x
14 64 17
0 90 5
2 34 17
9 35 27
5 39 2
1 62 42
4 80 15
10 45 28
x
7 0 14
x
0 93 28
13 96 18
12 81 36
3 33 9
x
11 22 20
x
1 41 11
6 8 31
4 69 5
14 28 39
7 79 13
x
12 26 43
x
13 16 26
9 0 11
x
8 0 16
12 90 25
15 5 42
x
2 62 16
0 81 2
13 30 24
10 6 42
9 43 27
6 19 38
10 84 40
8 93 13
6 22 37
1 23 0
10 15 30
2 53 1
x
8 72 19
15 35 22
13 63 17
3 36 25
5 88 14
0 15 3
13 6 17
x
15 17 21
x
5 6 22
7 2 26
x
15 62 29
x
3 76 6
2 82 9
5 33 10
x
10 49 36
3 80 43
3 28 30
3 21 17
12 60 4
4 45 12
9 75 14
13 56 24
5 26 13
1 7 9
x
0 44 12
5 93 15
x
5 48 39
2 1 19
x
13 87 35
15 21 35
5 80 20
3 95 26
x
11 0 23
x
3 3 41
7 80 38
6 9 39
14 13 9
3 59 7
6 47 42
x
x
12 57 8
4 87 15
15 32 37
11 33 13
10 24 12
2 69 43
x
x
14 69 21
x
14 46 3
7 64 44
5 78 41
0 68 16
10 0 38
8 15 18
8 79 8
5 67 23
9 66 6
15 91 42
3 44 4
4 29 12
8 52 21
10 86 15
11 79 9
6 26 39
x
0 60 10
5 54 44
1 76 22
3 13 4
3 41 44
15 52 20
3 54 37
13 88 27
x
2 49 1
14 76 34
13 92 38
5 77 18
x
15 14 20
12 65 33
14 52 1
15 41 11
0 2 30
8 99 17
x
14 23 19
8 47 6
4 41 40
8 42 24
2 4 42
14 43 13
3 29 11
1 96 0
8 34 41
2 21 18
x
8 76 18
14 38 31
1 42 41
7 41 11
7 57 7
x
6 11 14
8 59 2
x
0 7 17
x
14 81 33
