3 50 12
7 36 39
15 84 3
10 10 34
x
14 67 25
0 81 11
15 0 5
6 42 37
x
10 32 23
x
x
x
4 78 33
12 63 0
4 0 4
3 82 2
1 29 14
5 23 42
7 62 25
x
15 81 8
13 38 23
10 25 37
x
x
11 63 43
15 60 19
15 57 26
15 5 4
9 55 23
x
x
11 68 24
x
x
x
9 20 26
2 54 39
1 55 1
3 20 44
x
x
13 89 11
x
14 52 14
14 30 28
x
15 67 10
1 92 2
2 0 9
3 38 0
0 57 44
x
x
13 66 13
9 47 28
0 15 42
9 69 26
11 9 36
8 48 32
3 47 42
10 24 13
2 1 11
5 16 15
7 28 13
2 38 26
0 93 26
8 6 9
15 78 7
9 16 40
15 53 1
12 9 27
1 72 32
15 74 15
x
5 42 13
x
8 24 26
1 24 23
x
11 74 21
4 94 27
1 65 11
3 96 25
2 14 7
x
5 7 34
6 89 8
9 60 44
3 65 26
x
1 41 9
15 77 18
x
x
9 90 40
5 9 8
10 2 31
7 7 3
15 35 35
15 10 2
6 6 24
4 65 23
4 19 33
x
x
8 99 2
7 16 15
6 23 43
13 71 6
1 33 39
4 7 28
x
14 88 11
11 18 30
x
8 14 34
1 49 4
x
x
4 31 0
0 68 1
9 35 6
12 65 15
9 24 28
13 17 42
6 58 24
5 5 24
6 8 28
9 76 9
x
15 72 8
8 63 42
9 25 14
6 76 25
x
12 51 28
5 13 6
15 92 6
0 12 24
x
8 28 3
9 95 34
10 78 3
3 12 22
x
1 59 0
8 39 33
15 58 14
0 84 41
3 73 16
x
x
13 92 26
15 64 25
x
8 58 15
x
9 33 1
7 54 7
x
x
0 87 39
x
5 90 27
x
2 64 23
x
0 34 34
6 29 4
11 61 21
6 0 0
14 17 0
x
10 73 36
x
3 59 21
5 60 27
8 73 37
x
x
9 7 24
4 53 10
8 53 16
5 84 18
10 69 28
4 1 21
8 84 5
x
4 25 34
9 75 10
13 57 11
10 18 7
5 48 38
5 79 3
1 9 39
7 89 16
12 45 29
11 28 14
6 15 24
8 93 14
15 39 17
x
5 29 44
6 83 10
13 74 22
8 72 33
12 53 19
x
x
x
3 40 40
10 30 39
8 37 25
9 40 18
13 43 16
x
x
6 94 18
7 9 40
8 44 0
10 94 14
3 36 30
7 41 1
0 74 42
x
6 96 36
14 47 5
2 29 11
8 92 33
4 56 30
x
12 0 1
15 25 9
13 96 3
2 69 26
x
1 82 36
14 77 41
15 37 3
9 84 43
7 77 20
10 43 9
x
11 52 40
3 30 1
x
x
6 10 21
14 76 19
x
x
5 96 7
5 12 26
10 49 10
2 24 17
12 61 6
2 83 18
x
0 89 8
12 57 30
x
x
7 5 32
5 26 29
7 13 12
2 49 16
5 77 36
x
12 43 18
10 19 16
3 16 0
12 70 18
10 40 35
12 2 17
15 94 41
3 25 21
x
15 43 3
5 93 10
x
10 97 23
4 60 34
x
15 32 2
3 5 22
6 38 19
12 14 7
7 45 12
14 66 1
3 75 1
12 98 11
8 49 25
x
7 21 15
14 48 35
10 56 38
11 0 17
x
15 9 12
11 45 5
9 77 2
5 73 5
9 43 41
6 53 38
x
10 64 9
14 60 4
x
13 56 3
5 40 27
x
8 61 43
8 2 5
11 14 30
6 77 22
x
3 10 25
7 23 8
15 46 40
1 77 32
8 65 14
6 19 19
6 34 7
12 1 27
x
7 53 27
9 0 12
x
x
1 67 20
14 10 13
9 2 17
12 36 0
13 35 21
13 31 25
1 84 34
x
13 51 29
x
11 36 37
x
1 34 2
11 57 26
7 86 19
15 71 22
x
8 62 8
10 53 21
x
6 48 35
5 24 22
13 49 37
5 20 41
2 19 27
x
12 15 32
4 35 14
2 17 39
x
x
11 29 17
12 29 1
12 96 0
4 12 20
15 15 19
7 35 8
2 34 25
13 90 31
0 0 38
3 79 9
10 61 5
5 65 44
x
4 41 28
12 54 29
13 79 32
0 76 4
0 43 5
x
x
x
4 74 12
14 99 39
13 8 18
x
x
14 56 1
10 83 0
11 79 15
13 1 12
3 43 32
15 17 18
15 21 41
x
0 25 23
x
5 97 42
1 46 38
13 22 30
12 32 32
9 52 30
4 4 33
4 83 2
1 19 8
3 45 10
1 3 20
11 19 27
7 47 36
10 6 36
0 97 6
6 1 23
15 96 32
0 5 3
5 51 32
10 0 38
14 13 43
0 59 30
9 79 22
2 43 1
0 38 26
6 78 21
1 40 44
x
12 90 21
12 74 6
14 71 26
7 93 2
x
3 26 21
8 52 12
12 42 34
6 67 36
8 18 1
12 84 41
4 70 41
0 54 17
x
14 24 33
12 3 42
x
11 84 8
12 79 10
0 52 32
x
7 95 8
0 63 3
15 2 1
11 22 7
3 69 9
6 84 30
5 35 20
13 0 17
x
x
x
7 31 41
x
8 67 2
10 89 33
12 49 34
15 70 39
9 10 19
7 82 18
8 23 21
14 3 35
11 89 32
4 96 21
14 64 29
2 67 34
4 86 44
12 24 36
x
2 6 19
6 88 27
1 96 20
13 29 18
5 43 28
x
7 59 6
4 91 12
12 92 30
x
13 83 1
14 85 3
4 64 32
12 67 33
14 95 17
9 46 16
11 41 9
3 67 38
x
9 28 35
x
0 53 37
8 9 40
5 55 39
2 7 18
8 0 26
4 67 31
13 28 5
3 1 28
10 96 36
6 81 16
3 19 18
10 13 43
14 82 12
5 0 20
0 41 31
3 53 31
13 12 7
13 61 14
2 62 11
14 36 22
11 59 30
0 29 31
7 49 35
8 32 5
1 87 0
x
13 88 2
11 31 15
5 39 2
14 0 1
0 11 43
x
5 59 23
1 28 42
15 75 40
11 2 13
12 20 39
6 45 13
3 0 34
0 21 7
x
9 66 3
3 8 12
x
15 29 25
x
12 44 22
7 2 16
x
6 82 9
10 37 43
5 86 42
4 29 22
0 48 39
8 86 6
14 90 4
14 9 5
2 9 7
2 88 3
6 26 17
x
2 78 13
2 95 7
x
14 28 10
13 80 9
11 72 7
x
7 65 7
5 70 1
7 0 42
7 72 11
5 81 32
4 24 20
11 48 11
4 45 40
10 86 40
14 43 40
11 4 24
2 91 17
x
x
14 79 43
5 94 31
4 16 2
3 87 10
11 92 3
2 56 1
4 49 5
9 4 29
15 88 31
11 97 32
1 5 44
9 13 20
x
14 38 1
15 49 37
15 20 19
14 21 15
5 45 37
x
6 72 22
2 51 20
5 31 35
3 58 4
15 86 9
14 5 29
0 16 0
x
x
3 90 24
4 46 11
11 70 14
9 91 33
14 32 37
6 63 1
1 62 0
13 5 21
x
x
1 0 16
14 31 25
1 14 27
7 68 39
8 78 19
7 98 42
12 8 21
3 95 18
2 74 12
x
