0 94 27
6 79 39
0 8 0
x
3 19 15
9 58 34
x
1 25 33
2 45 19
x
2 86 1
15 32 6
x
15 41 3
14 58 12
4 89 13
15 55 43
0 77 31
2 23 24
10 11 9
11 72 16
x
x
1 49 4
2 2 31
2 99 43
x
x
13 70 35
2 19 26
6 39 30
10 25 20
6 57 25
x
3 16 5
4 46 8
x
12 10 35
0 74 32
x
3 75 33
13 95 40
5 84 7
x
3 48 17
6 54 26
14 92 23
10 49 36
11 81 25
13 35 28
4 19 36
13 79 1
15 98 15
9 75 3
1 84 12
10 0 13
14 77 27
7 65 20
5 2 24
6 0 11
0 68 18
15 64 12
4 82 15
5 93 10
5 9 34
0 25 7
7 31 42
14 82 26
x
8 6 32
15 65 11
x
1 8 37
x
x
3 88 29
x
4 43 2
4 29 1
7 48 26
2 20 25
x
x
3 50 22
13 8 21
x
9 20 20
x
6 76 41
5 78 39
0 82 30
1 99 7
7 3 7
5 68 41
2 56 34
7 78 16
x
4 24 43
0 14 10
14 13 6
8 49 38
1 87 11
4 95 10
8 0 35
x
11 5 1
15 22 38
9 90 7
8 58 9
6 70 21
5 97 8
x
2 63 41
15 75 8
7 93 10
12 42 7
0 41 13
12 12 34
x
7 88 11
2 51 35
x
1 80 13
3 89 28
5 73 40
6 97 34
8 97 16
x
4 84 14
7 85 13
x
4 45 9
10 12 8
12 31 30
11 15 43
12 38 27
13 26 13
14 1 2
x
0 65 19
9 51 36
13 10 20
3 58 26
x
4 3 40
1 16 35
7 37 29
13 17 16
12 58 2
2 30 22
8 31 43
0 22 8
10 83 40
15 5 33
8 79 10
12 4 37
x
1 4 39
2 27 23
6 84 38
7 57 23
8 63 6
10 24 21
3 54 23
9 98 4
4 54 6
2 0 32
5 39 38
10 79 26
2 13 28
8 12 3
8 40 40
5 85 6
9 68 40
x
x
6 87 37
7 36 30
10 70 29
7 10 5
11 0 2
9 69 39
3 27 12
11 12 44
11 75 15
11 84 24
10 55 34
11 92 20
8 60 7
x
13 4 23
9 5 24
2 62 42
4 12 38
4 64 23
4 0 41
8 38 41
12 26 31
12 34 28
12 60 1
14 5 9
13 22 14
5 17 32
10 3 11
1 66 17
6 9 19
15 9 42
7 44 27
13 80 0
13 16 17
8 59 8
x
x
x
4 73 19
12 98 11
13 93 41
5 49 2
x
0 37 3
9 81 0
10 7 10
1 35 41
x
11 68 18
0 0 2
5 0 25
x
6 23 15
14 0 3
x
6 6 12
2 57 33
7 16 3
8 96 17
x
15 1 34
x
15 93 16
10 68 30
11 88 23
0 98 25
x
12 78 42
9 10 22
10 41 24
12 49 4
13 81 44
11 33 13
1 62 18
1 20 34
12 94 9
1 6 38
14 31 19
2 71 38
7 35 31
1 0 40
11 53 8
x
x
9 1 25
13 49 33
12 17 33
x
14 51 14
4 41 3
15 85 19
15 51 0
0 96 26
1 75 15
8 25 0
0 50 16
x
13 13 19
3 31 11
3 79 32
14 4 10
x
1 30 44
4 25 42
1 31 43
3 63 24
4 16 37
2 74 4
x
5 37 26
7 24 0
x
x
5 67 42
7 98 9
0 46 14
2 67 39
3 45 19
3 85 30
8 52 36
7 70 19
5 31 28
x
13 33 29
10 40 25
x
10 75 28
1 28 0
6 62 23
14 10 7
3 95 35
15 18 39
15 35 5
0 43 15
9 15 21
12 90 8
7 80 15
4 76 17
8 99 19
9 38 27
5 22 31
x
3 82 31
x
10 90 37
10 20 14
1 90 9
x
7 53 24
13 74 34
11 18 5
12 64 0
6 8 20
2 49 36
11 28 14
6 35 31
11 19 4
13 28 31
14 29 20
6 46 28
11 24 3
5 25 30
x
4 58 5
5 87 5
7 63 21
2 14 27
x
12 73 43
3 73 34
9 25 31
12 88 39
9 43 38
12 87 40
9 33 29
10 60 32
13 43 26
10 18 15
14 96 22
15 80 7
8 16 2
14 70 29
12 21 32
x
13 31 30
11 36 12
13 15 18
0 62 21
14 35 18
3 38 21
14 6 8
7 18 2
10 78 27
8 75 11
3 61 25
14 22 4
x
15 15 40
13 38 27
9 48 37
11 69 17
4 91 12
15 40 4
0 17 9
6 19 16
14 17 5
5 55 0
12 92 10
15 24 37
14 64 31
1 57 5
13 65 36
x
0 4 1
14 89 24
x
12 0 38
13 56 39
0 29 6
x
1 34 42
x
x
13 1 24
x
2 40 20
x
5 14 33
7 75 17
12 46 5
x
0 60 22
1 55 6
15 28 36
1 46 1
5 45 3
8 72 12
x
3 6 8
8 26 44
3 10 7
9 93 6
11 49 9
14 47 15
15 46 1
1 11 36
5 60 44
15 72 9
9 66 42
x
10 30 19
12 68 44
2 94 44
5 35 27
9 83 44
6 42 29
2 72 37
3 36 16
1 40 3
4 35 44
8 33 42
x
6 51 27
4 8 39
6 27 14
x
x
15 10 41
10 50 35
7 87 12
4 67 21
x
1 70 16
x
x
6 59 24
5 40 37
2 64 40
6 78 40
7 52 25
6 30 13
9 24 32
7 28 43
x
0 90 28
14 65 30
0 12 11
8 5 33
7 7 6
4 50 7
10 33 17
x
x
8 21 1
9 36 28
x
x
x
4 75 18
8 85 14
0 11 12
x
x
3 47 18
6 94 35
11 9 0
x
8 68 5
12 33 29
5 62 43
9 62 33
9 67 41
9 7 23
4 60 4
14 3 11
x
10 31 18
15 57 14
6 11 18
6 16 17
7 15 4
13 60 37
8 1 34
13 58 38
2 7 30
7 41 28
8 84 15
3 2 9
5 91 4
10 99 41
x
13 18 15
7 0 8
3 20 14
5 54 1
1 95 8
9 53 35
8 44 39
9 79 1
14 87 25
x
10 63 31
10 85 39
11 58 7
14 53 13
15 68 10
6 99 33
x
10 89 38
12 8 36
15 54 44
10 96 42
0 64 20
11 91 21
11 79 26
13 6 22
2 90 0
x
5 5 36
2 82 2
5 29 29
14 74 28
3 14 6
14 99 32
6 92 36
7 72 18
15 84 20
x
4 65 22
9 0 26
x
x
12 96 12
0 34 4
x
x
7 27 44
11 44 10
13 90 42
x
15 0 35
14 42 16
8 86 13
1 45 2
15 44 2
0 57 23
0 48 17
x
x
9 86 43
15 91 17
2 35 21
x
1 89 10
8 92 18
4 94 11
5 94 9
15 60 13
2 77 3
3 23 13
9 28 30
14 28 21
5 6 35
x
10 57 33
x
x
3 67 27
7 59 22
11 41 11
10 44 23
7 82 14
12 54 3
x
4 72 20
0 52 24
14 38 17
13 0 25
0 87 29
x
12 44 6
1 77 14
9 95 5
x
11 90 22
0 32 5
11 96 19
3 40 20
x
10 34 16
2 9 29
11 63 6
9 77 2
4 31 0
6 66 22
13 86 43
15 88 18
4 79 16
3 0 10
13 53 32
8 9 4
6 34 32
x
7 20 1
x
10 37 22
10 2 12
8 51 37
12 83 41
