0 94 4
6 79 23
0 8 28
x
3 19 39
9 58 33
x
1 25 0
2 45 19
x
2 86 11
15 32 9
x
15 41 41
14 58 4
4 89 15
15 55 4
0 77 21
2 23 30
10 11 7
11 72 42
x
x
1 49 9
2 2 6
2 99 41
x
x
13 70 23
2 19 36
6 39 0
10 25 31
6 57 30
x
3 16 37
4 46 15
x
12 10 16
0 74 35
x
3 75 19
13 95 22
5 84 6
x
3 48 33
6 54 38
14 92 11
10 49 42
11 81 17
13 35 31
4 19 41
13 79 41
15 98 25
9 75 34
1 84 37
10 0 43
14 77 31
7 65 39
5 2 38
6 0 22
0 68 6
15 64 12
4 82 39
5 93 42
5 9 1
0 25 21
7 31 8
14 82 31
x
8 6 18
15 65 39
x
1 8 40
x
x
3 88 19
x
4 43 26
4 29 37
7 48 16
2 20 0
x
x
3 50 16
13 8 3
x
9 20 27
x
6 76 18
5 78 5
0 82 16
1 99 31
7 3 16
5 68 28
2 56 39
7 78 33
x
4 24 16
0 14 12
14 13 29
8 49 25
1 87 25
4 95 38
8 0 37
x
11 5 0
15 22 13
9 90 40
8 58 36
6 70 24
5 97 42
x
2 63 8
15 75 24
7 93 35
12 42 31
0 41 2
12 12 3
x
7 88 37
2 51 42
x
1 80 22
3 89 9
5 73 37
6 97 3
8 97 25
x
4 84 30
7 85 39
x
4 45 18
10 12 4
12 31 15
11 15 20
12 38 14
13 26 42
14 1 5
x
0 65 44
9 51 34
13 10 11
3 58 3
x
4 3 2
1 16 26
7 37 39
13 17 20
12 58 22
2 30 4
8 31 35
0 22 23
10 83 24
15 5 34
8 79 43
12 4 19
x
1 4 5
2 27 22
6 84 3
7 57 25
8 63 5
10 24 28
3 54 4
9 98 5
4 54 44
2 0 30
5 39 5
10 79 42
2 13 1
8 12 22
8 40 38
5 85 11
9 68 37
x
x
6 87 41
7 36 6
10 70 0
7 10 1
11 0 27
9 69 15
3 27 20
11 12 7
11 75 11
11 84 40
10 55 31
11 92 19
8 60 42
x
13 4 23
9 5 23
2 62 12
4 12 11
4 64 22
4 0 44
8 38 29
12 26 33
12 34 9
12 60 3
14 5 21
13 22 41
5 17 7
10 3 19
1 66 2
6 9 31
15 9 8
7 44 41
13 80 35
13 16 32
8 59 11
x
x
x
4 73 34
12 98 13
13 93 30
5 49 39
x
0 37 41
9 81 7
10 7 5
1 35 16
x
11 68 42
0 0 25
5 0 8
x
6 23 43
14 0 11
x
6 6 11
2 57 11
7 16 9
8 96 19
x
15 1 20
x
15 93 18
10 68 25
11 88 20
0 98 19
x
12 78 14
9 10 39
10 41 7
12 49 32
13 81 40
11 33 26
1 62 27
1 20 9
12 94 8
1 6 9
14 31 15
2 71 44
7 35 24
1 0 32
11 53 28
x
x
9 1 16
13 49 20
12 17 2
x
14 51 4
4 41 12
15 85 20
15 51 34
0 96 16
1 75 33
8 25 44
0 50 4
x
13 13 18
3 31 18
3 79 17
14 4 6
x
1 30 27
4 25 43
1 31 30
3 63 36
4 16 1
2 74 43
x
5 37 1
7 24 14
x
x
5 67 9
7 98 29
0 46 14
2 67 24
3 45 8
3 85 9
8 52 13
7 70 17
5 31 4
x
13 33 26
10 40 36
x
10 75 14
1 28 23
6 62 38
14 10 7
3 95 14
15 18 11
15 35 36
0 43 16
9 15 11
12 90 5
7 80 36
4 76 24
8 99 27
9 38 38
5 22 35
x
3 82 29
x
10 90 44
10 20 18
1 90 26
x
7 53 28
13 74 23
11 18 8
12 64 0
6 8 28
2 49 17
11 28 31
6 35 24
11 19 36
13 28 34
14 29 14
6 46 26
11 24 16
5 25 5
x
4 58 27
5 87 29
7 63 31
2 14 1
x
12 73 32
3 73 36
9 25 42
12 88 43
9 43 10
12 87 11
9 33 20
10 60 4
13 43 20
10 18 7
14 96 12
15 80 13
8 16 38
14 70 36
12 21 1
x
13 31 2
11 36 17
13 15 3
0 62 15
14 35 3
3 38 29
14 6 2
7 18 26
10 78 35
8 75 33
3 61 33
14 22 24
x
15 15 27
13 38 14
9 48 40
11 69 44
4 91 30
15 40 32
0 17 7
6 19 19
14 17 32
5 55 14
12 92 21
15 24 11
14 64 41
1 57 29
13 65 10
x
0 4 22
14 89 34
x
12 0 36
13 56 9
0 29 17
x
1 34 8
x
x
13 1 40
x
2 40 21
x
5 14 26
7 75 18
12 46 23
x
0 60 14
1 55 4
15 28 18
1 46 5
5 45 32
8 72 17
x
3 6 16
8 26 3
3 10 0
9 93 39
11 49 40
14 47 13
15 46 35
1 11 34
5 60 36
15 72 40
9 66 39
x
10 30 4
12 68 8
2 94 32
5 35 41
9 83 39
6 42 43
2 72 25
3 36 19
1 40 15
4 35 10
8 33 44
x
6 51 40
4 8 29
6 27 35
x
x
15 10 5
10 50 25
7 87 38
4 67 1
x
1 70 1
x
x
6 59 18
5 40 35
2 64 4
6 78 15
7 52 1
6 30 27
9 24 7
7 28 10
x
0 90 43
14 65 33
0 12 26
8 5 6
7 7 4
4 50 6
10 33 33
x
x
8 21 20
9 36 28
x
x
x
4 75 5
8 85 30
0 11 4
x
x
3 47 43
6 94 26
11 9 16
x
8 68 12
12 33 21
5 62 43
9 62 19
9 67 41
9 7 33
4 60 36
14 3 3
x
10 31 17
15 57 15
6 11 4
6 16 29
7 15 16
13 60 12
8 1 44
13 58 8
2 7 38
7 41 28
8 84 31
3 2 12
5 91 40
10 99 23
x
13 18 20
7 0 16
3 20 17
5 54 34
1 95 30
9 53 18
8 44 3
9 79 44
14 87 13
x
10 63 7
10 85 2
11 58 38
14 53 25
15 68 3
6 99 19
x
10 89 0
12 8 37
15 54 37
10 96 13
0 64 30
11 91 22
11 79 39
13 6 15
2 90 15
x
5 5 0
2 82 5
5 29 44
14 74 21
3 14 1
14 99 31
6 92 43
7 72 25
15 84 19
x
4 65 4
9 0 41
x
x
12 96 32
0 34 44
x
x
7 27 12
11 44 8
13 90 40
x
15 0 4
14 42 43
8 86 19
1 45 29
15 44 30
0 57 18
0 48 23
x
x
9 86 6
15 91 1
2 35 33
x
1 89 26
8 92 38
4 94 42
5 94 31
15 60 17
2 77 26
3 23 23
9 28 16
14 28 14
5 6 16
x
10 57 21
x
x
3 67 10
7 59 9
11 41 36
10 44 15
7 82 34
12 54 19
x
4 72 4
0 52 2
14 38 19
13 0 15
0 87 32
x
12 44 14
1 77 27
9 95 6
x
11 90 0
0 32 7
11 96 21
3 40 16
x
10 34 26
2 9 28
11 63 6
9 77 42
4 31 5
6 66 9
13 86 22
15 88 39
4 79 26
3 0 23
13 53 21
8 9 30
6 34 28
x
7 20 15
x
10 37 13
10 2 37
8 51 14
12 83 12
