x
4 11 33
x
14 19 13
0 41 41
8 4 27
13 75 42
15 57 43
0 92 27
3 67 35
15 32 34
1 81 15
1 96 31
10 42 29
13 37 41
x
3 27 12
x
14 84 24
7 99 18
x
11 89 39
2 86 41
6 44 29
4 49 28
x
x
15 38 34
x
12 62 33
5 0 15
8 27 21
11 98 2
13 28 25
1 32 17
12 47 38
14 31 25
10 0 33
0 65 12
8 52 22
x
2 95 32
x
6 40 15
1 0 8
13 1 31
14 59 0
2 0 25
7 16 16
3 15 27
9 3 26
11 68 20
3 73 12
1 16 30
4 5 21
5 84 29
x
7 37 34
14 0 43
0 22 37
3 44 39
x
12 77 25
10 37 20
13 32 19
0 52 3
3 19 12
5 63 3
2 17 41
2 88 4
7 42 6
12 18 14
0 3 17
6 28 36
12 51 33
7 67 9
x
5 93 40
2 42 5
5 25 5
6 35 4
3 22 29
9 29 16
11 0 11
6 26 4
x
10 45 30
5 20 29
8 81 44
15 9 44
2 68 0
7 70 27
11 82 12
0 79 34
8 92 26
x
x
1 5 29
x
11 61 1
14 74 13
1 34 25
x
12 90 36
3 0 0
x
12 64 8
4 41 34
4 66 10
3 8 42
15 0 26
x
10 59 9
6 53 43
4 31 25
2 15 24
4 80 37
7 89 27
x
x
14 34 16
x
5 73 6
13 22 38
0 56 22
3 92 44
15 37 7
8 86 5
1 22 7
9 11 2
x
4 88 33
5 45 22
14 64 10
11 96 16
2 36 27
x
7 35 35
0 6 5
10 7 19
6 61 14
10 71 32
2 39 18
10 78 33
x
11 74 20
8 37 9
5 39 5
6 77 0
10 54 1
x
4 67 27
10 40 32
2 25 26
11 10 0
5 34 36
9 86 31
x
8 21 17
6 97 6
15 19 25
11 18 3
13 49 8
10 68 24
8 50 29
x
x
8 49 6
2 52 19
15 60 23
1 18 34
4 16 8
11 59 31
11 81 40
14 47 3
12 74 13
x
13 0 9
5 6 33
1 43 11
x
9 37 23
12 14 6
4 8 3
x
9 7 33
13 18 10
1 1 29
8 24 3
6 38 10
x
7 68 40
7 65 31
x
11 2 35
4 46 31
15 4 43
13 56 3
6 93 30
1 63 43
4 65 35
11 28 32
x
1 8 23
0 36 9
0 61 26
x
14 55 36
10 86 11
6 34 35
10 83 19
8 63 9
9 90 39
x
2 74 7
2 55 17
x
5 68 20
11 37 44
x
9 45 11
x
7 61 41
x
9 54 31
12 96 13
10 98 18
0 11 2
1 92 13
11 48 4
15 14 30
x
14 15 38
x
4 99 34
12 32 25
12 7 14
14 51 26
9 13 40
x
5 15 41
5 56 18
13 61 24
x
x
x
x
4 58 5
12 92 36
6 11 6
8 76 37
3 38 43
10 87 18
5 40 18
10 63 41
10 51 13
6 49 16
10 10 2
7 11 39
x
x
0 84 16
x
x
x
x
9 94 10
8 10 18
2 1 28
4 29 24
x
x
2 76 2
4 76 44
10 31 8
4 85 38
x
5 50 39
9 43 11
x
2 90 5
x
6 58 37
6 72 31
12 81 20
9 76 22
5 58 6
15 68 14
10 19 15
14 39 21
6 79 11
9 75 2
7 30 26
0 0 7
11 49 26
0 95 18
9 84 15
2 28 31
12 42 2
9 55 1
13 8 44
0 48 40
x
1 6 23
3 83 22
x
2 81 11
15 96 24
1 67 17
11 86 35
9 79 30
x
10 49 32
9 66 15
10 35 26
x
5 97 43
3 13 0
11 42 37
x
4 0 17
13 95 13
6 0 32
x
7 80 13
2 32 25
10 52 28
14 43 20
10 24 6
x
9 49 1
x
1 56 10
5 94 13
x
6 63 18
5 80 11
1 77 33
7 58 34
13 66 12
5 11 28
12 56 35
14 93 9
1 12 27
11 32 19
x
12 0 28
4 64 44
x
2 67 9
11 14 10
8 44 43
8 32 29
13 98 7
2 3 8
3 28 2
x
2 44 44
14 4 4
x
15 6 40
8 93 3
7 13 18
3 6 35
x
x
7 45 9
10 89 6
3 36 19
x
x
9 18 4
1 84 41
4 70 36
15 26 0
1 29 5
13 42 30
11 55 20
x
12 84 41
3 53 5
7 50 28
8 16 42
10 96 43
15 52 16
14 99 32
x
9 24 44
10 60 31
x
0 19 42
3 59 42
x
10 15 42
15 41 21
7 71 7
1 55 42
2 21 28
14 69 39
14 40 23
8 47 22
3 87 7
4 81 15
11 7 39
4 91 8
x
15 91 32
7 4 42
15 84 5
8 41 15
3 50 36
11 23 26
15 65 12
4 36 24
3 31 23
x
11 38 16
10 84 10
10 25 17
6 89 44
1 72 39
9 57 9
x
11 45 6
7 66 3
0 32 31
1 49 44
2 62 24
5 29 38
11 69 15
1 40 28
0 75 8
7 3 36
3 65 26
14 88 21
2 10 7
14 10 35
15 22 33
1 36 0
x
13 15 14
x
x
12 22 20
x
7 94 2
x
x
1 87 20
13 45 44
2 5 12
12 58 35
2 57 21
2 49 10
11 65 19
1 62 14
5 17 37
11 6 12
x
9 69 8
4 54 14
0 68 23
0 49 4
x
12 66 40
6 68 23
3 58 25
0 63 40
7 24 35
15 71 31
13 84 33
2 93 42
6 19 7
14 22 29
7 36 41
1 28 8
11 79 42
7 95 30
0 8 35
10 38 41
14 28 2
13 9 38
7 0 5
15 75 14
6 76 40
13 79 36
15 88 17
15 3 41
9 97 13
13 12 40
5 5 37
1 50 8
x
14 81 28
x
x
10 18 5
12 27 10
13 4 42
13 68 32
7 6 2
4 24 30
0 74 10
13 91 39
9 44 31
11 80 15
15 59 36
x
12 11 4
4 96 19
2 80 1
8 59 4
8 66 22
12 36 19
x
10 29 33
9 77 32
15 78 37
x
7 84 36
7 19 1
0 43 1
0 2 19
12 69 12
8 72 39
8 84 7
10 53 32
9 0 21
14 9 38
x
4 78 43
4 89 35
x
3 75 43
8 58 3
0 88 25
3 95 1
8 54 26
x
3 14 23
9 47 20
11 52 6
7 49 2
x
5 52 39
15 21 3
7 14 20
x
x
13 86 27
x
13 50 7
6 6 34
7 75 31
7 55 22
6 81 20
0 15 21
x
x
14 3 29
15 86 24
6 8 39
5 61 18
13 89 20
9 62 25
3 97 41
4 94 17
3 39 35
x
11 58 33
10 64 15
15 36 8
11 71 35
15 61 34
x
3 2 43
3 78 0
8 9 11
14 66 18
6 84 37
4 73 34
x
x
14 76 40
12 3 25
8 13 25
5 86 30
x
x
11 3 3
12 63 44
x
9 33 40
x
5 77 12
0 16 23
12 79 21
x
7 8 34
15 48 14
12 61 8
x
6 15 24
0 27 14
8 73 20
6 24 23
x
4 20 11
x
10 74 14
15 44 21
11 92 9
7 27 4
6 86 36
5 54 13
5 90 28
x
14 1 22
13 70 43
10 91 42
10 2 12
13 20 15
8 99 31
4 45 19
8 0 38
