x
x
3 42 30
4 16 15
15 0 29
14 65 4
1 66 34
9 11 9
2 5 33
1 78 28
7 64 29
15 15 19
1 96 36
15 37 33
5 74 2
11 68 3
0 2 37
5 22 0
15 40 37
8 29 30
7 3 5
9 46 11
11 0 40
7 47 35
7 85 21
5 49 39
11 91 16
x
11 30 18
4 43 10
6 23 20
11 34 38
2 77 9
12 96 37
14 6 30
12 47 43
x
8 37 39
4 13 14
2 75 18
0 83 25
x
15 69 40
x
8 72 18
x
14 11 29
0 15 29
1 89 6
10 49 3
13 15 0
5 54 3
0 4 26
7 35 30
5 27 17
2 49 13
4 58 0
x
12 0 26
x
4 53 36
8 9 6
x
15 99 26
14 44 17
2 24 26
x
10 3 18
x
5 95 26
10 42 41
x
3 54 23
12 80 11
9 69 37
x
4 96 22
8 99 30
6 95 22
14 74 33
14 36 41
x
x
x
0 75 6
7 11 42
12 11 7
x
9 0 16
9 37 1
x
11 86 3
5 40 35
9 4 13
x
x
15 47 44
0 3 27
1 63 26
13 65 7
x
x
7 95 9
10 24 16
x
6 16 10
x
12 44 32
6 6 38
9 95 43
2 12 22
x
5 0 23
4 65 44
13 73 40
1 55 6
2 15 34
13 32 23
5 7 22
4 8 11
4 91 39
9 29 7
x
4 3 14
15 78 39
10 83 7
10 41 41
x
8 20 5
14 28 24
x
11 81 40
11 12 24
7 42 39
14 0 19
5 67 28
15 95 33
13 49 36
2 8 22
0 33 41
10 21 32
6 62 38
13 52 13
13 86 14
13 39 42
10 75 44
5 14 38
x
13 69 27
x
6 55 30
2 2 5
3 38 20
8 80 31
x
x
8 31 43
x
9 52 39
1 4 10
x
2 84 25
12 2 32
8 5 39
0 21 22
13 92 24
1 49 43
1 62 39
1 51 6
7 15 38
x
x
x
11 90 14
4 45 1
x
x
5 39 15
x
3 78 1
15 22 10
2 56 2
10 64 25
x
7 44 34
8 85 14
15 93 33
2 16 19
10 72 27
13 63 24
1 2 12
1 21 19
3 50 30
2 33 42
7 69 29
15 96 40
15 67 35
7 19 32
3 31 26
8 94 12
x
4 32 40
0 87 21
x
11 62 25
14 31 19
5 50 23
1 83 22
2 64 41
12 90 4
2 63 44
x
15 11 16
6 57 38
9 9 26
2 28 18
12 19 28
9 55 16
14 73 25
2 65 20
12 74 32
9 81 12
10 26 17
2 74 31
x
6 12 14
8 78 21
11 58 3
12 66 18
x
9 24 14
14 5 26
15 52 12
9 2 24
0 74 37
x
4 70 27
14 81 34
15 62 38
x
6 60 7
6 90 44
12 31 5
10 90 19
9 60 17
4 29 6
x
4 82 23
x
6 8 9
13 19 11
6 89 27
11 18 17
4 19 26
0 6 3
x
0 92 12
x
x
5 30 5
1 74 40
2 96 10
11 96 42
1 40 23
1 87 35
13 90 25
3 28 43
x
0 43 33
1 9 6
0 53 17
4 64 34
7 90 1
10 37 8
x
8 16 23
14 30 42
14 51 34
8 19 28
13 71 27
x
x
3 97 22
x
x
14 49 23
x
4 79 44
1 92 17
0 11 28
15 9 42
5 94 23
6 45 44
7 62 21
5 97 29
15 57 4
4 25 38
5 79 9
12 26 12
14 33 17
8 84 15
14 85 4
15 75 15
12 76 25
8 58 1
9 78 34
12 56 8
4 49 3
11 39 33
9 49 21
15 70 3
x
5 5 29
6 20 29
5 45 14
x
7 16 19
13 56 3
13 0 37
13 37 8
x
15 86 31
9 90 41
10 68 14
3 3 12
8 51 42
3 65 8
x
2 62 24
0 45 31
x
12 3 1
14 39 13
10 8 41
8 25 18
7 6 24
0 48 4
6 29 2
5 51 10
3 20 6
x
0 0 19
9 13 32
11 5 15
1 69 27
2 0 18
5 11 14
x
10 52 36
14 92 0
5 84 16
0 16 12
12 21 30
2 10 12
x
14 60 3
14 22 28
2 42 37
x
3 7 30
11 79 35
12 51 20
2 23 4
15 84 40
11 24 8
4 77 4
10 57 7
1 17 5
1 0 15
14 56 15
8 27 33
3 67 44
13 83 18
8 34 9
7 52 36
14 78 34
3 61 13
10 79 42
0 12 0
5 87 36
6 41 0
0 54 11
6 0 31
14 20 8
13 44 43
x
12 85 0
x
11 2 37
x
x
x
6 80 30
3 12 1
9 66 23
x
0 41 39
14 69 26
0 64 4
6 97 20
x
12 61 21
0 36 3
6 86 22
3 0 2
10 14 9
2 51 37
3 22 32
13 8 4
9 34 2
3 40 29
1 23 33
9 43 20
9 85 21
11 82 36
8 73 38
11 49 2
13 50 1
15 27 5
10 32 6
9 18 11
5 62 27
x
4 74 5
6 85 15
6 37 12
5 46 26
x
13 10 29
0 19 1
12 14 19
3 87 14
3 53 38
4 24 25
x
0 59 15
14 15 31
7 70 22
x
7 76 20
10 45 39
7 57 29
11 28 13
3 44 41
x
10 40 16
11 44 21
x
14 93 6
x
15 32 36
3 91 43
4 87 8
9 75 15
10 96 11
5 93 36
7 39 18
8 30 3
x
11 53 24
5 70 37
7 29 17
0 77 2
7 94 37
5 35 30
13 79 41
x
10 70 44
10 0 6
11 20 28
14 86 8
7 37 24
x
11 73 9
14 91 40
4 42 22
x
3 24 31
10 30 11
14 35 40
11 87 27
x
14 88 40
2 93 0
8 10 6
12 36 28
x
12 43 34
12 92 31
10 97 28
3 36 20
1 35 26
x
4 0 35
8 11 10
x
14 64 26
6 70 25
15 89 13
12 17 20
1 28 43
11 9 34
1 1 5
0 69 29
10 25 9
8 50 21
0 23 11
15 4 7
6 34 15
x
x
2 89 16
10 85 40
x
2 46 31
x
x
x
13 28 13
1 30 24
13 3 20
6 76 32
0 52 4
8 62 41
3 51 1
5 1 41
x
11 70 13
6 54 30
x
7 74 14
1 19 24
x
3 75 21
x
x
x
10 11 3
5 55 42
7 68 6
5 47 28
8 39 7
x
8 47 4
8 55 33
x
12 78 30
x
1 7 35
2 20 23
0 24 16
7 24 21
x
8 0 7
10 61 34
2 30 10
12 42 8
x
7 80 38
x
8 89 14
15 44 17
8 92 43
15 18 1
0 7 31
x
x
2 37 34
13 57 22
6 84 23
1 57 18
x
10 18 37
4 36 6
2 68 28
12 7 19
5 57 9
14 3 43
7 0 10
3 95 5
14 8 18
3 58 4
x
x
3 14 32
1 14 16
13 96 9
14 53 35
0 79 43
6 92 33
4 41 33
8 42 25
12 70 4
3 19 9
1 11 33
x
x
15 1 29
x
5 18 5
12 1 16
x
13 59 15
6 49 16
13 24 43
x
0 96 10
x
15 20 18
3 83 8
8 67 35
x
x
x
x
3 73 23
6 26 34
14 99 31
6 65 31
1 44 32
2 79 6
0 13 22
14 4 26
14 50 8
0 29 30
