x
x
3 42 23
4 16 5
15 0 18
14 65 29
1 66 16
9 11 39
2 5 23
1 78 43
7 64 42
15 15 27
1 96 25
15 37 31
5 74 39
11 68 12
0 2 18
5 22 31
15 40 32
8 29 15
7 3 43
9 46 0
11 0 3
7 47 24
7 85 37
5 49 17
11 91 9
x
11 30 27
4 43 38
6 23 1
11 34 4
2 77 5
12 96 16
14 6 14
12 47 27
x
8 37 25
4 13 7
2 75 22
0 83 36
x
15 69 22
x
8 72 39
x
14 11 33
0 15 8
1 89 18
10 49 34
13 15 22
5 54 31
0 4 2
7 35 42
5 27 9
2 49 34
4 58 9
x
12 0 6
x
4 53 16
8 9 18
x
15 99 32
14 44 7
2 24 27
x
10 3 16
x
5 95 16
10 42 0
x
3 54 39
12 80 9
9 69 37
x
4 96 40
8 99 44
6 95 3
14 74 41
14 36 17
x
x
x
0 75 42
7 11 21
12 11 35
x
9 0 31
9 37 10
x
11 86 2
5 40 6
9 4 16
x
x
15 47 1
0 3 28
1 63 26
13 65 25
x
x
7 95 10
10 24 38
x
6 16 30
x
12 44 9
6 6 34
9 95 20
2 12 3
x
5 0 3
4 65 34
13 73 5
1 55 30
2 15 5
13 32 12
5 7 5
4 8 39
4 91 24
9 29 35
x
4 3 3
15 78 2
10 83 18
10 41 5
x
8 20 30
14 28 1
x
11 81 34
11 12 40
7 42 7
14 0 21
5 67 11
15 95 16
13 49 4
2 8 3
0 33 2
10 21 28
6 62 6
13 52 43
13 86 1
13 39 36
10 75 27
5 14 2
x
13 69 2
x
6 55 41
2 2 33
3 38 17
8 80 11
x
x
8 31 3
x
9 52 8
1 4 32
x
2 84 37
12 2 41
8 5 28
0 21 25
13 92 17
1 49 40
1 62 11
1 51 36
7 15 24
x
x
x
11 90 3
4 45 30
x
x
5 39 29
x
3 78 12
15 22 20
2 56 28
10 64 13
x
7 44 37
8 85 26
15 93 9
2 16 8
10 72 39
13 63 42
1 2 35
1 21 37
3 50 26
2 33 20
7 69 10
15 96 33
15 67 36
7 19 0
3 31 35
8 94 15
x
4 32 44
0 87 27
x
11 62 35
14 31 36
5 50 35
1 83 17
2 64 24
12 90 11
2 63 13
x
15 11 36
6 57 25
9 9 42
2 28 40
12 19 15
9 55 32
14 73 26
2 65 15
12 74 0
9 81 10
10 26 44
2 74 34
x
6 12 0
8 78 32
11 58 13
12 66 20
x
9 24 43
14 5 37
15 52 12
9 2 4
0 74 31
x
4 70 15
14 81 5
15 62 41
x
6 60 38
6 90 33
12 31 17
10 90 11
9 60 23
4 29 1
x
4 82 17
x
6 8 43
13 19 40
6 89 14
11 18 7
4 19 44
0 6 40
x
0 92 40
x
x
5 30 19
1 74 2
2 96 9
11 96 44
1 40 12
1 87 29
13 90 4
3 28 34
x
0 43 20
1 9 33
0 53 6
4 64 22
7 90 12
10 37 2
x
8 16 44
14 30 30
14 51 29
8 19 6
13 71 10
x
x
3 97 8
x
x
14 49 18
x
4 79 17
1 92 10
0 11 13
15 9 3
5 94 36
6 45 19
7 62 36
5 97 24
15 57 28
4 25 36
5 79 25
12 26 24
14 33 41
8 84 2
14 85 7
15 75 18
12 76 6
8 58 4
9 78 19
12 56 18
4 49 23
11 39 32
9 49 42
15 70 38
x
5 5 43
6 20 32
5 45 39
x
7 16 1
13 56 38
13 0 24
13 37 17
x
15 86 6
9 90 18
10 68 15
3 3 3
8 51 5
3 65 35
x
2 62 29
0 45 11
x
12 3 12
14 39 9
10 8 4
8 25 25
7 6 13
0 48 14
6 29 24
5 51 17
3 20 20
x
0 0 20
9 13 6
11 5 12
1 69 1
2 0 30
5 11 0
x
10 52 14
14 92 28
5 84 14
0 16 40
12 21 37
2 10 24
x
14 60 32
14 22 23
2 42 35
x
3 7 31
11 79 31
12 51 1
2 23 33
15 84 30
11 24 6
4 77 17
10 57 14
1 17 17
1 0 7
14 56 15
8 27 36
3 67 10
13 83 4
8 34 21
7 52 5
14 78 19
3 61 37
10 79 38
0 12 28
5 87 11
6 41 44
0 54 34
6 0 4
14 20 44
13 44 43
x
12 85 21
x
11 2 35
x
x
x
6 80 41
3 12 11
9 66 21
x
0 41 0
14 69 22
0 64 14
6 97 11
x
12 61 26
0 36 27
6 86 31
3 0 36
10 14 38
2 51 29
3 22 21
13 8 16
9 34 38
3 40 20
1 23 38
9 43 13
9 85 32
11 82 7
8 73 8
11 49 26
13 50 44
15 27 42
10 32 12
9 18 7
5 62 35
x
4 74 30
6 85 9
6 37 40
5 46 33
x
13 10 26
0 19 42
12 14 33
3 87 27
3 53 37
4 24 8
x
0 59 29
14 15 35
7 70 6
x
7 76 22
10 45 39
7 57 9
11 28 42
3 44 17
x
10 40 26
11 44 24
x
14 93 2
x
15 32 21
3 91 2
4 87 41
9 75 19
10 96 7
5 93 44
7 39 28
8 30 9
x
11 53 13
5 70 32
7 29 11
0 77 19
7 94 31
5 35 41
13 79 42
x
10 70 9
10 0 13
11 20 19
14 86 28
7 37 27
x
11 73 5
14 91 4
4 42 13
x
3 24 30
10 30 24
14 35 0
11 87 41
x
14 88 11
2 93 6
8 10 18
12 36 4
x
12 43 41
12 92 34
10 97 29
3 36 23
1 35 20
x
4 0 42
8 11 31
x
14 64 9
6 70 15
15 89 38
12 17 11
1 28 7
11 9 29
1 1 2
0 69 21
10 25 15
8 50 33
0 23 29
15 4 43
6 34 1
x
x
2 89 25
10 85 22
x
2 46 29
x
x
x
13 28 13
1 30 14
13 3 18
6 76 23
0 52 1
8 62 34
3 51 10
5 1 38
x
11 70 34
6 54 2
x
7 74 28
1 19 16
x
3 75 30
x
x
x
10 11 30
5 55 21
7 68 14
5 47 4
8 39 19
x
8 47 38
8 55 44
x
12 78 30
x
1 7 20
2 20 13
0 24 38
7 24 22
x
8 0 3
10 61 1
2 30 13
12 42 36
x
7 80 19
x
8 89 16
15 44 31
8 92 7
15 18 29
0 7 37
x
x
2 37 22
13 57 40
6 84 25
1 57 42
x
10 18 33
4 36 21
2 68 3
12 7 25
5 57 8
14 3 12
7 0 12
3 95 0
14 8 7
3 58 36
x
x
3 14 38
1 14 25
13 96 31
14 53 8
0 79 0
6 92 7
4 41 11
8 42 10
12 70 7
3 19 22
1 11 39
x
x
15 1 40
x
5 18 29
12 1 27
x
13 59 23
6 49 26
13 24 30
x
0 96 14
x
15 20 8
3 83 0
8 67 5
x
x
x
x
3 73 26
6 26 22
14 99 26
6 65 43
1 44 43
2 79 30
0 13 41
14 4 8
14 50 11
0 29 33
