x
7 95 33
14 44 42
10 65 23
8 37 13
x
x
x
11 4 7
6 24 26
1 96 12
3 21 11
11 23 25
12 86 37
10 31 24
0 2 26
x
8 86 38
15 14 40
10 40 1
7 68 34
2 66 31
1 85 9
7 36 5
x
11 68 9
13 66 20
6 14 16
7 91 11
9 24 41
x
4 83 10
x
9 61 37
2 1 41
6 71 43
8 68 2
14 0 3
1 81 16
x
7 42 34
12 76 18
7 35 26
1 3 7
x
8 76 18
12 14 14
6 6 16
x
12 68 4
x
0 52 43
x
7 85 14
5 70 34
10 24 19
11 87 33
2 56 24
1 84 22
7 58 25
10 71 0
8 56 1
x
8 58 3
x
4 93 41
13 59 34
14 78 17
6 41 30
14 95 15
12 38 26
x
15 59 40
13 90 33
x
x
x
x
3 0 35
15 33 26
x
6 64 17
4 74 2
x
2 12 32
4 11 23
12 5 40
9 14 35
5 68 12
6 0 4
8 22 2
x
6 91 14
0 27 41
13 54 23
14 68 38
3 30 30
10 83 19
8 2 9
12 60 17
11 39 29
4 25 37
12 18 27
8 7 15
0 56 1
12 96 34
2 54 36
9 29 3
13 79 9
x
3 27 7
x
5 99 31
1 49 38
x
x
x
3 73 17
4 7 4
14 47 41
12 53 43
12 71 35
7 16 32
9 5 26
x
4 42 4
10 50 20
x
1 34 18
10 21 3
10 56 15
x
15 9 22
x
x
12 42 22
x
8 84 0
12 23 12
x
15 67 44
10 1 43
x
12 45 2
13 95 27
13 82 24
7 48 10
12 1 29
8 5 39
11 45 24
x
x
7 46 1
14 52 25
0 20 7
1 30 8
4 18 32
x
3 61 6
7 71 35
8 27 12
6 95 39
0 1 12
x
7 88 42
9 70 15
8 72 22
x
14 74 4
10 0 25
15 88 1
9 19 33
6 54 21
11 55 13
x
5 96 10
0 68 44
1 55 39
0 4 27
3 67 6
x
6 45 6
3 2 21
14 8 33
9 43 14
7 30 20
11 75 35
0 36 37
0 24 19
15 76 18
x
13 9 42
5 5 17
15 27 11
12 90 14
1 40 36
13 80 22
x
1 44 2
x
x
11 96 21
15 22 29
2 35 41
9 57 11
3 19 10
13 49 1
12 25 44
7 3 44
15 0 43
5 0 22
x
1 7 1
12 2 6
15 54 2
x
0 87 25
14 11 8
x
14 24 44
6 50 30
8 51 14
14 40 3
2 49 17
x
5 45 19
5 6 35
7 4 28
11 0 34
15 84 29
x
6 13 3
5 29 16
8 17 3
x
9 75 5
2 23 21
11 35 39
x
5 63 44
5 61 42
2 50 41
7 63 20
5 22 31
0 58 29
6 34 8
5 78 7
x
1 58 36
13 41 22
10 90 10
11 77 23
6 69 16
9 1 12
9 0 14
x
15 37 4
x
13 46 35
15 1 44
x
1 92 37
8 44 28
11 62 29
15 65 8
8 74 41
0 48 22
x
6 20 29
5 94 39
5 52 29
7 24 7
9 35 38
3 50 24
13 74 35
0 97 18
10 49 7
15 49 15
12 13 34
2 80 39
11 7 40
12 92 0
2 32 13
14 37 16
5 65 42
2 62 8
10 45 8
8 48 17
13 37 31
7 57 6
6 22 30
10 16 3
7 25 9
6 52 25
x
8 12 22
10 58 9
2 69 35
7 11 41
5 1 39
4 1 42
8 55 15
12 31 20
2 10 2
1 62 15
3 58 19
9 95 13
2 44 1
13 4 28
8 9 27
x
7 90 27
10 26 32
1 19 42
15 32 44
x
3 54 0
7 20 32
11 32 40
2 39 19
5 84 8
14 55 43
8 93 42
4 21 20
15 92 37
13 86 15
14 99 13
13 20 25
13 50 41
10 76 32
8 29 30
x
x
x
2 30 32
0 11 31
15 41 6
x
2 7 38
4 45 25
14 28 30
x
14 88 26
x
x
x
11 56 6
15 44 18
6 86 19
4 41 21
14 16 10
3 91 22
4 58 44
15 57 24
6 37 7
9 54 37
2 95 34
13 62 18
0 82 3
x
12 29 44
2 14 38
14 32 44
x
9 51 37
15 69 18
9 10 1
3 38 19
14 77 19
14 33 5
x
6 56 33
5 89 35
1 78 4
10 85 26
12 83 9
3 24 20
13 56 38
11 69 3
x
x
x
11 50 18
2 78 4
2 3 0
3 65 19
3 13 29
15 71 5
9 39 24
x
5 53 19
14 3 7
14 64 8
5 59 30
7 21 38
x
13 45 44
14 70 15
x
0 53 13
x
2 84 11
1 11 6
13 51 39
2 89 9
15 62 43
5 13 36
12 81 10
6 39 1
11 84 15
4 64 16
6 79 23
8 41 39
x
6 9 9
x
10 41 23
x
11 92 13
4 66 42
5 73 28
15 78 31
1 87 27
x
7 41 6
5 18 13
10 15 22
3 78 11
0 92 40
1 28 37
6 83 1
0 32 32
x
7 29 15
1 22 23
3 40 8
10 51 12
x
13 71 36
x
7 77 36
9 46 0
12 58 6
x
4 78 23
10 20 19
x
2 92 16
x
1 71 27
5 8 1
6 61 18
10 96 35
4 97 35
4 24 9
7 80 29
11 81 4
7 87 28
10 11 43
11 70 20
3 45 30
x
13 0 24
1 43 6
11 41 36
2 19 39
14 46 40
13 2 26
14 85 0
8 79 33
12 51 19
11 79 9
x
x
x
8 99 12
3 17 14
2 74 25
x
x
4 47 12
0 77 23
10 28 5
10 68 43
x
4 88 34
5 56 2
3 53 5
2 27 29
2 63 7
14 97 39
15 96 28
x
x
9 90 3
15 85 2
11 44 38
13 11 0
0 16 43
x
3 6 18
0 89 28
0 41 37
9 25 17
6 8 14
10 38 17
10 37 30
9 66 41
x
6 17 16
3 36 26
0 43 2
10 4 27
4 35 17
4 5 36
12 49 20
2 42 25
14 19 28
x
9 84 16
12 8 32
10 78 36
0 9 24
x
5 39 5
8 0 43
10 84 34
x
x
5 93 3
5 27 17
1 56 15
11 10 28
15 51 30
x
13 33 33
2 52 14
8 19 21
11 21 16
2 41 35
8 61 31
x
x
4 15 24
8 59 38
2 0 1
14 93 42
7 81 21
x
8 38 25
x
x
4 29 18
4 30 13
7 0 37
7 8 42
x
10 60 20
5 33 13
4 0 42
10 18 19
7 74 27
7 55 39
0 80 26
4 55 39
5 49 0
2 82 2
14 58 32
x
x
1 74 20
10 14 32
11 59 11
12 64 30
3 95 14
12 34 23
4 50 10
0 0 6
0 74 3
10 9 26
6 76 32
9 32 9
0 63 5
3 8 5
3 83 36
11 18 23
11 28 30
13 24 40
x
1 0 31
x
9 79 10
5 40 1
8 92 9
x
x
x
8 34 38
1 89 42
1 15 39
x
12 93 16
13 16 21
13 28 31
x
14 83 40
4 70 29
11 14 31
x
6 29 11
x
3 87 12
7 52 6
4 2 19
15 6 28
x
x
12 0 21
1 66 10
15 45 9
8 63 26
x
8 85 3
x
15 18 12
