x
7 95 13
14 44 42
10 65 41
8 37 31
x
x
x
11 4 8
6 24 8
1 96 1
3 21 7
11 23 12
12 86 12
10 31 37
0 2 31
x
8 86 1
15 14 34
10 40 0
7 68 29
2 66 30
1 85 37
7 36 32
x
11 68 18
13 66 35
6 14 5
7 91 39
9 24 20
x
4 83 1
x
9 61 6
2 1 29
6 71 19
8 68 43
14 0 32
1 81 33
x
7 42 43
12 76 10
7 35 38
1 3 43
x
8 76 22
12 14 22
6 6 18
x
12 68 0
x
0 52 2
x
7 85 9
5 70 15
10 24 7
11 87 35
2 56 36
1 84 33
7 58 12
10 71 17
8 56 3
x
8 58 10
x
4 93 9
13 59 9
14 78 5
6 41 2
14 95 33
12 38 16
x
15 59 28
13 90 31
x
x
x
x
3 0 30
15 33 12
x
6 64 27
4 74 9
x
2 12 31
4 11 32
12 5 42
9 14 42
5 68 16
6 0 36
8 22 11
x
6 91 9
0 27 25
13 54 41
14 68 40
3 30 43
10 83 21
8 2 39
12 60 24
11 39 40
4 25 34
12 18 21
8 7 23
0 56 35
12 96 31
2 54 26
9 29 35
13 79 5
x
3 27 14
x
5 99 31
1 49 30
x
x
x
3 73 35
4 7 42
14 47 3
12 53 39
12 71 12
7 16 41
9 5 38
x
4 42 10
10 50 29
x
1 34 14
10 21 5
10 56 4
x
15 9 4
x
x
12 42 32
x
8 84 28
12 23 29
x
15 67 31
10 1 39
x
12 45 22
13 95 42
13 82 33
7 48 37
12 1 15
8 5 34
11 45 11
x
x
7 46 11
14 52 21
0 20 41
1 30 38
4 18 8
x
3 61 9
7 71 36
8 27 7
6 95 30
0 1 1
x
7 88 2
9 70 43
8 72 32
x
14 74 24
10 0 38
15 88 28
9 19 12
6 54 42
11 55 6
x
5 96 19
0 68 40
1 55 0
0 4 0
3 67 26
x
6 45 3
3 2 2
14 8 28
9 43 7
7 30 42
11 75 19
0 36 43
0 24 26
15 76 44
x
13 9 10
5 5 6
15 27 3
12 90 24
1 40 34
13 80 4
x
1 44 27
x
x
11 96 21
15 22 16
2 35 16
9 57 21
3 19 12
13 49 13
12 25 1
7 3 15
15 0 30
5 0 13
x
1 7 40
12 2 2
15 54 17
x
0 87 11
14 11 34
x
14 24 14
6 50 31
8 51 6
14 40 18
2 49 39
x
5 45 42
5 6 10
7 4 7
11 0 33
15 84 25
x
6 13 42
5 29 13
8 17 14
x
9 75 13
2 23 17
11 35 39
x
5 63 32
5 61 10
2 50 20
7 63 23
5 22 1
0 58 36
6 34 15
5 78 15
x
1 58 2
13 41 41
10 90 28
11 77 44
6 69 4
9 1 26
9 0 2
x
15 37 3
x
13 46 13
15 1 36
x
1 92 44
8 44 15
11 62 42
15 65 12
8 74 10
0 48 6
x
6 20 17
5 94 39
5 52 3
7 24 20
9 35 24
3 50 36
13 74 0
0 97 18
10 49 11
15 49 18
12 13 20
2 80 22
11 7 34
12 92 7
2 32 41
14 37 18
5 65 44
2 62 36
10 45 11
8 48 13
13 37 29
7 57 26
6 22 37
10 16 39
7 25 22
6 52 30
x
8 12 8
10 58 35
2 69 40
7 11 19
5 1 29
4 1 7
8 55 18
12 31 19
2 10 34
1 62 41
3 58 24
9 95 16
2 44 30
13 4 22
8 9 3
x
7 90 11
10 26 21
1 19 29
15 32 26
x
3 54 35
7 20 36
11 32 35
2 39 12
5 84 17
14 55 19
8 93 16
4 21 9
15 92 43
13 86 23
14 99 39
13 20 2
13 50 35
10 76 14
8 29 23
x
x
x
2 30 18
0 11 13
15 41 24
x
2 7 8
4 45 21
14 28 44
x
14 88 20
x
x
x
11 56 9
15 44 23
6 86 34
4 41 41
14 16 1
3 91 31
4 58 18
15 57 43
6 37 11
9 54 25
2 95 14
13 62 8
0 82 30
x
12 29 29
2 14 0
14 32 15
x
9 51 36
15 69 35
9 10 27
3 38 8
14 77 32
14 33 43
x
6 56 25
5 89 14
1 78 6
10 85 10
12 83 25
3 24 44
13 56 9
11 69 16
x
x
x
11 50 28
2 78 1
2 3 15
3 65 24
3 13 22
15 71 15
9 39 10
x
5 53 21
14 3 6
14 64 15
5 59 5
7 21 33
x
13 45 4
14 70 15
x
0 53 39
x
2 84 11
1 11 19
13 51 44
2 89 35
15 62 17
5 13 23
12 81 36
6 39 28
11 84 6
4 64 20
6 79 0
8 41 31
x
6 9 18
x
10 41 44
x
11 92 14
4 66 6
5 73 7
15 78 38
1 87 21
x
7 41 23
5 18 0
10 15 3
3 78 40
0 92 39
1 28 4
6 83 18
0 32 22
x
7 29 21
1 22 7
3 40 23
10 51 34
x
13 71 16
x
7 77 20
9 46 31
12 58 11
x
4 78 5
10 20 7
x
2 92 12
x
1 71 15
5 8 39
6 61 7
10 96 24
4 97 29
4 24 21
7 80 21
11 81 13
7 87 37
10 11 13
11 70 12
3 45 13
x
13 0 20
1 43 17
11 41 29
2 19 8
14 46 12
13 2 31
14 85 12
8 79 0
12 51 2
11 79 38
x
x
x
8 99 29
3 17 2
2 74 26
x
x
4 47 26
0 77 44
10 28 18
10 68 19
x
4 88 14
5 56 25
3 53 33
2 27 6
2 63 5
14 97 6
15 96 10
x
x
9 90 35
15 85 38
11 44 40
13 11 38
0 16 37
x
3 6 14
0 89 10
0 41 14
9 25 11
6 8 32
10 38 38
10 37 30
9 66 3
x
6 17 40
3 36 22
0 43 38
10 4 33
4 35 23
4 5 26
12 49 27
2 42 10
14 19 4
x
9 84 5
12 8 34
10 78 4
0 9 29
x
5 39 22
8 0 19
10 84 17
x
x
5 93 4
5 27 36
1 56 37
11 10 5
15 51 37
x
13 33 27
2 52 15
8 19 1
11 21 29
2 41 36
8 61 44
x
x
4 15 20
8 59 0
2 0 3
14 93 25
7 81 19
x
8 38 37
x
x
4 29 29
4 30 33
7 0 26
7 8 1
x
10 60 20
5 33 9
4 0 43
10 18 13
7 74 2
7 55 40
0 80 42
4 55 20
5 49 8
2 82 24
14 58 27
x
x
1 74 37
10 14 40
11 59 32
12 64 37
3 95 24
12 34 4
4 50 17
0 0 26
0 74 27
10 9 19
6 76 6
9 32 38
0 63 28
3 8 27
3 83 36
11 18 4
11 28 25
13 24 16
x
1 0 5
x
9 79 32
5 40 41
8 92 35
x
x
x
8 34 5
1 89 2
1 15 10
x
12 93 19
13 16 28
13 28 32
x
14 83 0
4 70 8
11 14 31
x
6 29 23
x
3 87 41
7 52 2
4 2 40
15 6 26
x
x
12 0 29
1 66 18
15 45 20
8 63 2
x
8 85 7
x
15 18 30
