x
7 95 0
14 44 4
10 65 7
8 37 23
x
x
x
11 4 19
6 24 20
1 96 14
3 21 20
11 23 42
12 86 1
10 31 25
0 2 9
x
8 86 24
15 14 40
10 40 4
7 68 17
2 66 28
1 85 14
7 36 15
x
11 68 8
13 66 17
6 14 0
7 91 44
9 24 40
x
4 83 20
x
9 61 23
2 1 28
6 71 14
8 68 13
14 0 28
1 81 15
x
7 42 25
12 76 37
7 35 44
1 3 2
x
8 76 15
12 14 3
6 6 8
x
12 68 6
x
0 52 7
x
7 85 30
5 70 0
10 24 21
11 87 35
2 56 12
1 84 32
7 58 36
10 71 41
8 56 18
x
8 58 26
x
4 93 19
13 59 5
14 78 19
6 41 25
14 95 24
12 38 11
x
15 59 17
13 90 10
x
x
x
x
3 0 36
15 33 43
x
6 64 4
4 74 3
x
2 12 2
4 11 28
12 5 8
9 14 38
5 68 5
6 0 17
8 22 27
x
6 91 30
0 27 2
13 54 14
14 68 27
3 30 43
10 83 27
8 2 6
12 60 9
11 39 7
4 25 0
12 18 33
8 7 4
0 56 41
12 96 43
2 54 7
9 29 13
13 79 3
x
3 27 7
x
5 99 18
1 49 5
x
x
x
3 73 9
4 7 18
14 47 30
12 53 31
12 71 0
7 16 29
9 5 43
x
4 42 21
10 50 39
x
1 34 0
10 21 34
10 56 21
x
15 9 24
x
x
12 42 20
x
8 84 20
12 23 33
x
15 67 17
10 1 23
x
12 45 17
13 95 30
13 82 35
7 48 7
12 1 34
8 5 4
11 45 5
x
x
7 46 2
14 52 39
0 20 18
1 30 25
4 18 18
x
3 61 35
7 71 23
8 27 41
6 95 23
0 1 40
x
7 88 2
9 70 34
8 72 43
x
14 74 7
10 0 3
15 88 44
9 19 29
6 54 38
11 55 43
x
5 96 13
0 68 44
1 55 37
0 4 35
3 67 41
x
6 45 18
3 2 25
14 8 27
9 43 12
7 30 35
11 75 40
0 36 7
0 24 33
15 76 5
x
13 9 1
5 5 16
15 27 35
12 90 22
1 40 30
13 80 34
x
1 44 27
x
x
11 96 4
15 22 11
2 35 29
9 57 41
3 19 28
13 49 27
12 25 35
7 3 9
15 0 10
5 0 33
x
1 7 20
12 2 1
15 54 39
x
0 87 2
14 11 36
x
14 24 7
6 50 29
8 51 41
14 40 11
2 49 30
x
5 45 42
5 6 26
7 4 42
11 0 33
15 84 0
x
6 13 34
5 29 11
8 17 1
x
9 75 9
2 23 31
11 35 9
x
5 63 36
5 61 24
2 50 32
7 63 42
5 22 43
0 58 25
6 34 44
5 78 23
x
1 58 12
13 41 14
10 90 11
11 77 34
6 69 26
9 1 42
9 0 6
x
15 37 6
x
13 46 19
15 1 40
x
1 92 24
8 44 34
11 62 29
15 65 16
8 74 19
0 48 40
x
6 20 34
5 94 32
5 52 12
7 24 31
9 35 5
3 50 23
13 74 18
0 97 34
10 49 41
15 49 21
12 13 37
2 80 40
11 7 20
12 92 27
2 32 16
14 37 29
5 65 40
2 62 4
10 45 36
8 48 41
13 37 9
7 57 18
6 22 36
10 16 3
7 25 41
6 52 12
x
8 12 19
10 58 12
2 69 33
7 11 40
5 1 28
4 1 5
8 55 17
12 31 9
2 10 27
1 62 22
3 58 16
9 95 1
2 44 14
13 4 2
8 9 43
x
7 90 1
10 26 37
1 19 1
15 32 18
x
3 54 5
7 20 18
11 32 42
2 39 15
5 84 32
14 55 16
8 93 39
4 21 21
15 92 28
13 86 21
14 99 4
13 20 37
13 50 13
10 76 35
8 29 8
x
x
x
2 30 28
0 11 17
15 41 38
x
2 7 24
4 45 44
14 28 26
x
14 88 38
x
x
x
11 56 12
15 44 28
6 86 32
4 41 37
14 16 4
3 91 20
4 58 23
15 57 23
6 37 3
9 54 44
2 95 15
13 62 26
0 82 3
x
12 29 40
2 14 17
14 32 22
x
9 51 39
15 69 25
9 10 32
3 38 30
14 77 20
14 33 10
x
6 56 22
5 89 5
1 78 26
10 85 22
12 83 30
3 24 16
13 56 9
11 69 4
x
x
x
11 50 9
2 78 34
2 3 39
3 65 4
3 13 19
15 71 8
9 39 24
x
5 53 3
14 3 12
14 64 18
5 59 20
7 21 16
x
13 45 0
14 70 33
x
0 53 2
x
2 84 22
1 11 41
13 51 7
2 89 30
15 62 13
5 13 11
12 81 42
6 39 8
11 84 3
4 64 15
6 79 10
8 41 32
x
6 9 21
x
10 41 7
x
11 92 1
4 66 32
5 73 13
15 78 12
1 87 22
x
7 41 21
5 18 8
10 15 9
3 78 42
0 92 38
1 28 14
6 83 33
0 32 40
x
7 29 17
1 22 40
3 40 37
10 51 6
x
13 71 28
x
7 77 13
9 46 22
12 58 4
x
4 78 21
10 20 43
x
2 92 34
x
1 71 6
5 8 30
6 61 10
10 96 31
4 97 3
4 24 14
7 80 34
11 81 38
7 87 8
10 11 39
11 70 6
3 45 6
x
13 0 36
1 43 13
11 41 20
2 19 21
14 46 43
13 2 21
14 85 14
8 79 42
12 51 39
11 79 16
x
x
x
8 99 40
3 17 38
2 74 2
x
x
4 47 18
0 77 3
10 28 24
10 68 0
x
4 88 33
5 56 16
3 53 8
2 27 12
2 63 8
14 97 37
15 96 15
x
x
9 90 38
15 85 26
11 44 37
13 11 19
0 16 29
x
3 6 14
0 89 4
0 41 12
9 25 6
6 8 24
10 38 10
10 37 40
9 66 15
x
6 17 21
3 36 29
0 43 27
10 4 26
4 35 4
4 5 29
12 49 38
2 42 2
14 19 28
x
9 84 32
12 8 2
10 78 10
0 9 27
x
5 39 15
8 0 6
10 84 13
x
x
5 93 9
5 27 0
1 56 14
11 10 34
15 51 23
x
13 33 31
2 52 16
8 19 42
11 21 10
2 41 30
8 61 21
x
x
4 15 4
8 59 27
2 0 2
14 93 34
7 81 29
x
8 38 36
x
x
4 29 9
4 30 13
7 0 31
7 8 10
x
10 60 5
5 33 14
4 0 18
10 18 9
7 74 14
7 55 35
0 80 41
4 55 24
5 49 27
2 82 10
14 58 1
x
x
1 74 37
10 14 34
11 59 29
12 64 10
3 95 15
12 34 44
4 50 26
0 0 20
0 74 11
10 9 20
6 76 2
9 32 12
0 63 4
3 8 13
3 83 1
11 18 11
11 28 28
13 24 37
x
1 0 9
x
9 79 36
5 40 6
8 92 42
x
x
x
8 34 16
1 89 42
1 15 36
x
12 93 17
13 16 39
13 28 0
x
14 83 21
4 70 44
11 14 24
x
6 29 41
x
3 87 8
7 52 20
4 2 12
15 6 41
x
x
12 0 28
1 66 23
15 45 25
8 63 13
x
8 85 0
x
15 18 31
