x
7 95 43
14 44 36
10 65 11
8 37 30
x
x
x
11 4 8
6 24 8
1 96 7
3 21 12
11 23 0
12 86 35
10 31 15
0 2 13
x
8 86 23
15 14 38
10 40 43
7 68 2
2 66 3
1 85 22
7 36 40
x
11 68 15
13 66 31
6 14 21
7 91 22
9 24 32
x
4 83 41
x
9 61 25
2 1 43
6 71 42
8 68 7
14 0 10
1 81 4
x
7 42 24
12 76 32
7 35 28
1 3 10
x
8 76 32
12 14 36
6 6 38
x
12 68 34
x
0 52 31
x
7 85 12
5 70 27
10 24 33
11 87 15
2 56 6
1 84 41
7 58 29
10 71 33
8 56 17
x
8 58 21
x
4 93 32
13 59 23
14 78 21
6 41 0
14 95 9
12 38 37
x
15 59 37
13 90 20
x
x
x
x
3 0 20
15 33 16
x
6 64 2
4 74 22
x
2 12 32
4 11 1
12 5 1
9 14 10
5 68 38
6 0 40
8 22 21
x
6 91 35
0 27 23
13 54 14
14 68 14
3 30 23
10 83 26
8 2 11
12 60 26
11 39 24
4 25 17
12 18 27
8 7 34
0 56 43
12 96 14
2 54 5
9 29 35
13 79 37
x
3 27 1
x
5 99 16
1 49 29
x
x
x
3 73 35
4 7 10
14 47 13
12 53 33
12 71 23
7 16 36
9 5 31
x
4 42 23
10 50 34
x
1 34 35
10 21 28
10 56 14
x
15 9 20
x
x
12 42 39
x
8 84 43
12 23 19
x
15 67 30
10 1 24
x
12 45 15
13 95 12
13 82 7
7 48 3
12 1 33
8 5 40
11 45 43
x
x
7 46 26
14 52 7
0 20 25
1 30 16
4 18 44
x
3 61 37
7 71 32
8 27 12
6 95 4
0 1 23
x
7 88 10
9 70 14
8 72 28
x
14 74 37
10 0 6
15 88 7
9 19 4
6 54 8
11 55 32
x
5 96 31
0 68 0
1 55 27
0 4 18
3 67 19
x
6 45 44
3 2 30
14 8 39
9 43 13
7 30 6
11 75 11
0 36 22
0 24 28
15 76 13
x
13 9 4
5 5 43
15 27 9
12 90 3
1 40 37
13 80 15
x
1 44 1
x
x
11 96 22
15 22 24
2 35 8
9 57 39
3 19 13
13 49 32
12 25 26
7 3 34
15 0 22
5 0 9
x
1 7 21
12 2 10
15 54 7
x
0 87 4
14 11 2
x
14 24 33
6 50 38
8 51 18
14 40 16
2 49 29
x
5 45 19
5 6 24
7 4 34
11 0 19
15 84 12
x
6 13 36
5 29 32
8 17 7
x
9 75 15
2 23 24
11 35 17
x
5 63 44
5 61 13
2 50 30
7 63 26
5 22 0
0 58 26
6 34 37
5 78 12
x
1 58 6
13 41 14
10 90 29
11 77 36
6 69 9
9 1 12
9 0 41
x
15 37 28
x
13 46 21
15 1 25
x
1 92 8
8 44 42
11 62 26
15 65 31
8 74 41
0 48 12
x
6 20 17
5 94 33
5 52 38
7 24 20
9 35 37
3 50 4
13 74 35
0 97 18
10 49 31
15 49 36
12 13 11
2 80 21
11 7 1
12 92 23
2 32 44
14 37 1
5 65 38
2 62 5
10 45 25
8 48 10
13 37 17
7 57 15
6 22 32
10 16 40
7 25 21
6 52 29
x
8 12 24
10 58 10
2 69 16
7 11 44
5 1 16
4 1 34
8 55 31
12 31 31
2 10 35
1 62 10
3 58 27
9 95 28
2 44 36
13 4 40
8 9 4
x
7 90 38
10 26 27
1 19 0
15 32 22
x
3 54 7
7 20 19
11 32 25
2 39 14
5 84 36
14 55 20
8 93 20
4 21 44
15 92 33
13 86 18
14 99 30
13 20 34
13 50 9
10 76 13
8 29 42
x
x
x
2 30 15
0 11 3
15 41 23
x
2 7 37
4 45 38
14 28 24
x
14 88 11
x
x
x
11 56 13
15 44 42
6 86 38
4 41 27
14 16 6
3 91 12
4 58 8
15 57 41
6 37 32
9 54 34
2 95 41
13 62 44
0 82 21
x
12 29 17
2 14 42
14 32 26
x
9 51 25
15 69 36
9 10 20
3 38 37
14 77 24
14 33 38
x
6 56 5
5 89 23
1 78 6
10 85 11
12 83 43
3 24 43
13 56 9
11 69 24
x
x
x
11 50 4
2 78 9
2 3 34
3 65 7
3 13 17
15 71 19
9 39 28
x
5 53 3
14 3 40
14 64 28
5 59 0
7 21 39
x
13 45 15
14 70 3
x
0 53 27
x
2 84 28
1 11 15
13 51 16
2 89 42
15 62 10
5 13 31
12 81 12
6 39 20
11 84 0
4 64 26
6 79 33
8 41 5
x
6 9 39
x
10 41 19
x
11 92 25
4 66 38
5 73 44
15 78 4
1 87 41
x
7 41 27
5 18 30
10 15 1
3 78 6
0 92 44
1 28 37
6 83 16
0 32 11
x
7 29 37
1 22 9
3 40 29
10 51 26
x
13 71 26
x
7 77 25
9 46 33
12 58 18
x
4 78 0
10 20 31
x
2 92 6
x
1 71 25
5 8 23
6 61 30
10 96 17
4 97 35
4 24 31
7 80 13
11 81 14
7 87 23
10 11 41
11 70 30
3 45 41
x
13 0 41
1 43 20
11 41 21
2 19 31
14 46 15
13 2 0
14 85 0
8 79 8
12 51 40
11 79 29
x
x
x
8 99 20
3 17 25
2 74 42
x
x
4 47 18
0 77 42
10 28 14
10 68 2
x
4 88 5
5 56 14
3 53 27
2 27 13
2 63 1
14 97 28
15 96 9
x
x
9 90 0
15 85 18
11 44 2
13 11 19
0 16 30
x
3 6 1
0 89 41
0 41 17
9 25 26
6 8 39
10 38 1
10 37 4
9 66 9
x
6 17 15
3 36 18
0 43 15
10 4 3
4 35 12
4 5 4
12 49 30
2 42 29
14 19 20
x
9 84 2
12 8 2
10 78 40
0 9 39
x
5 39 0
8 0 41
10 84 9
x
x
5 93 43
5 27 43
1 56 2
11 10 7
15 51 5
x
13 33 38
2 52 0
8 19 25
11 21 33
2 41 27
8 61 2
x
x
4 15 13
8 59 39
2 0 37
14 93 9
7 81 30
x
8 38 22
x
x
4 29 5
4 30 3
7 0 18
7 8 10
x
10 60 10
5 33 6
4 0 38
10 18 34
7 74 36
7 55 30
0 80 4
4 55 15
5 49 27
2 82 35
14 58 5
x
x
1 74 22
10 14 9
11 59 36
12 64 11
3 95 16
12 34 42
4 50 31
0 0 33
0 74 28
10 9 41
6 76 34
9 32 21
0 63 14
3 8 3
3 83 11
11 18 5
11 28 27
13 24 13
x
1 0 34
x
9 79 18
5 40 39
8 92 15
x
x
x
8 34 40
1 89 17
1 15 18
x
12 93 13
13 16 39
13 28 43
x
14 83 38
4 70 28
11 14 17
x
6 29 22
x
3 87 10
7 52 7
4 2 42
15 6 43
x
x
12 0 16
1 66 42
15 45 11
8 63 34
x
8 85 20
x
15 18 8
