x
7 95 24
14 44 0
10 65 4
8 37 22
x
x
x
11 4 20
6 24 13
1 96 33
3 21 25
11 23 35
12 86 25
10 31 32
0 2 40
x
8 86 35
15 14 40
10 40 29
7 68 33
2 66 37
1 85 19
7 36 21
x
11 68 26
13 66 34
6 14 38
7 91 5
9 24 26
x
4 83 35
x
9 61 18
2 1 8
6 71 7
8 68 14
14 0 26
1 81 42
x
7 42 27
12 76 24
7 35 29
1 3 25
x
8 76 24
12 14 36
6 6 34
x
12 68 34
x
0 52 38
x
7 85 37
5 70 38
10 24 28
11 87 13
2 56 17
1 84 34
7 58 23
10 71 20
8 56 26
x
8 58 17
x
4 93 39
13 59 15
14 78 30
6 41 27
14 95 18
12 38 11
x
15 59 25
13 90 13
x
x
x
x
3 0 28
15 33 0
x
6 64 31
4 74 5
x
2 12 16
4 11 0
12 5 17
9 14 20
5 68 13
6 0 43
8 22 20
x
6 91 42
0 27 10
13 54 5
14 68 36
3 30 31
10 83 33
8 2 37
12 60 16
11 39 15
4 25 1
12 18 23
8 7 24
0 56 27
12 96 40
2 54 30
9 29 0
13 79 7
x
3 27 15
x
5 99 42
1 49 43
x
x
x
3 73 21
4 7 7
14 47 34
12 53 2
12 71 42
7 16 19
9 5 30
x
4 42 13
10 50 8
x
1 34 41
10 21 35
10 56 11
x
15 9 19
x
x
12 42 29
x
8 84 18
12 23 38
x
15 67 5
10 1 26
x
12 45 17
13 95 28
13 82 38
7 48 44
12 1 35
8 5 6
11 45 24
x
x
7 46 14
14 52 28
0 20 5
1 30 6
4 18 36
x
3 61 0
7 71 7
8 27 43
6 95 33
0 1 34
x
7 88 3
9 70 29
8 72 29
x
14 74 11
10 0 19
15 88 43
9 19 21
6 54 26
11 55 2
x
5 96 20
0 68 32
1 55 26
0 4 15
3 67 7
x
6 45 24
3 2 30
14 8 14
9 43 35
7 30 16
11 75 32
0 36 22
0 24 34
15 76 36
x
13 9 11
5 5 7
15 27 26
12 90 12
1 40 3
13 80 27
x
1 44 35
x
x
11 96 33
15 22 1
2 35 18
9 57 21
3 19 41
13 49 39
12 25 44
7 3 17
15 0 11
5 0 27
x
1 7 24
12 2 25
15 54 7
x
0 87 6
14 11 40
x
14 24 6
6 50 20
8 51 32
14 40 35
2 49 6
x
5 45 26
5 6 12
7 4 32
11 0 40
15 84 34
x
6 13 14
5 29 32
8 17 36
x
9 75 22
2 23 0
11 35 42
x
5 63 44
5 61 1
2 50 42
7 63 0
5 22 10
0 58 17
6 34 29
5 78 6
x
1 58 18
13 41 35
10 90 6
11 77 31
6 69 23
9 1 9
9 0 38
x
15 37 36
x
13 46 25
15 1 18
x
1 92 12
8 44 22
11 62 7
15 65 16
8 74 25
0 48 27
x
6 20 32
5 94 30
5 52 43
7 24 3
9 35 4
3 50 22
13 74 8
0 97 43
10 49 16
15 49 7
12 13 44
2 80 8
11 7 9
12 92 2
2 32 39
14 37 41
5 65 39
2 62 26
10 45 12
8 48 17
13 37 8
7 57 18
6 22 40
10 16 43
7 25 30
6 52 9
x
8 12 14
10 58 21
2 69 37
7 11 14
5 1 18
4 1 28
8 55 9
12 31 12
2 10 28
1 62 25
3 58 8
9 95 31
2 44 10
13 4 23
8 9 13
x
7 90 20
10 26 37
1 19 34
15 32 24
x
3 54 16
7 20 32
11 32 13
2 39 0
5 84 41
14 55 9
8 93 41
4 21 26
15 92 2
13 86 3
14 99 32
13 20 44
13 50 2
10 76 7
8 29 40
x
x
x
2 30 32
0 11 1
15 41 1
x
2 7 10
4 45 15
14 28 4
x
14 88 3
x
x
x
11 56 8
15 44 11
6 86 44
4 41 1
14 16 27
3 91 6
4 58 2
15 57 8
6 37 8
9 54 36
2 95 43
13 62 26
0 82 39
x
12 29 38
2 14 41
14 32 23
x
9 51 37
15 69 41
9 10 33
3 38 37
14 77 19
14 33 38
x
6 56 25
5 89 26
1 78 42
10 85 14
12 83 5
3 24 13
13 56 27
11 69 8
x
x
x
11 50 17
2 78 19
2 3 27
3 65 28
3 13 34
15 71 14
9 39 13
x
5 53 16
14 3 36
14 64 1
5 59 10
7 21 28
x
13 45 12
14 70 26
x
0 53 37
x
2 84 31
1 11 39
13 51 21
2 89 9
15 62 37
5 13 43
12 81 5
6 39 23
11 84 1
4 64 38
6 79 22
8 41 30
x
6 9 28
x
10 41 21
x
11 92 43
4 66 3
5 73 13
15 78 38
1 87 4
x
7 41 38
5 18 39
10 15 7
3 78 12
0 92 2
1 28 19
6 83 16
0 32 29
x
7 29 31
1 22 27
3 40 20
10 51 40
x
13 71 42
x
7 77 37
9 46 7
12 58 43
x
4 78 9
10 20 18
x
2 92 44
x
1 71 30
5 8 12
6 61 11
10 96 22
4 97 32
4 24 35
7 80 22
11 81 4
7 87 8
10 11 0
11 70 11
3 45 10
x
13 0 36
1 43 20
11 41 19
2 19 15
14 46 15
13 2 16
14 85 40
8 79 36
12 51 3
11 79 11
x
x
x
8 99 30
3 17 39
2 74 1
x
x
4 47 19
0 77 28
10 28 30
10 68 5
x
4 88 29
5 56 4
3 53 37
2 27 23
2 63 2
14 97 12
15 96 34
x
x
9 90 44
15 85 25
11 44 9
13 11 17
0 16 11
x
3 6 29
0 89 22
0 41 21
9 25 29
6 8 22
10 38 34
10 37 9
9 66 22
x
6 17 39
3 36 0
0 43 4
10 4 1
4 35 33
4 5 24
12 49 8
2 42 35
14 19 0
x
9 84 42
12 8 9
10 78 16
0 9 33
x
5 39 29
8 0 16
10 84 8
x
x
5 93 17
5 27 36
1 56 3
11 10 37
15 51 31
x
13 33 41
2 52 33
8 19 31
11 21 12
2 41 7
8 61 18
x
x
4 15 13
8 59 31
2 0 10
14 93 18
7 81 18
x
8 38 6
x
x
4 29 3
4 30 21
7 0 42
7 8 2
x
10 60 27
5 33 19
4 0 10
10 18 44
7 74 11
7 55 17
0 80 8
4 55 22
5 49 28
2 82 42
14 58 7
x
x
1 74 10
10 14 18
11 59 36
12 64 39
3 95 11
12 34 38
4 50 10
0 0 16
0 74 29
10 9 22
6 76 16
9 32 23
0 63 41
3 8 39
3 83 26
11 18 12
11 28 31
13 24 14
x
1 0 29
x
9 79 20
5 40 15
8 92 42
x
x
x
8 34 15
1 89 9
1 15 5
x
12 93 18
13 16 25
13 28 6
x
14 83 32
4 70 5
11 14 44
x
6 29 12
x
3 87 3
7 52 4
4 2 4
15 6 34
x
x
12 0 43
1 66 13
15 45 12
8 63 0
x
8 85 8
x
15 18 23
