x
x
x
x
x
x
x
x
x
x
x
x
x
x
x
x
x
x
x
x
x
x
x
x
x
x
x
x
x
x
x
x
x
x
x
x
x
x
x
x
x
x
x
x
x
x
x
x
x
x
x
x
x
x
x
x
x
x
x
x
x
x
x
x
x
x
x
x
x
x
x
x
x
x
x
x
x
x
x
x
x
x
x
x
x
x
x
x
x
x
x
x
x
x
x
x
x
x
x
x
x
x
x
x
x
x
x
x
x
x
x
x
15 82 18
x
x
15 98 13
15 81 16
x
x
x
x
x
15 94 24
15 89 11
15 84 3
15 79 0
15 78 35
15 73 10
15 68 9
15 66 10
15 64 13
15 55 26
15 59 42
15 57 32
15 53 13
15 50 29
15 49 17
14 99 36
15 47 33
15 44 33
15 42 44
15 39 35
15 36 8
15 32 1
15 26 8
15 22 26
15 18 41
14 97 24
15 16 32
15 11 16
15 9 5
15 5 39
15 3 34
15 0 21
14 93 1
14 89 36
14 86 22
14 84 42
14 81 24
14 78 9
14 76 30
14 71 37
14 62 32
14 68 33
14 60 0
14 64 42
14 58 13
14 26 20
14 55 4
13 99 32
14 51 17
14 47 0
14 0 18
13 98 2
14 43 31
14 23 0
14 38 12
13 77 30
14 33 9
14 28 34
14 18 29
14 13 25
14 9 44
14 6 21
14 3 12
13 94 1
13 92 39
13 88 43
13 85 27
13 83 40
13 81 30
13 79 31
13 76 6
13 72 37
13 47 38
13 69 31
13 53 12
13 64 25
13 60 14
13 56 35
13 26 16
13 49 15
13 42 13
13 38 21
13 34 1
13 32 44
13 25 2
13 28 38
13 24 40
12 94 6
12 90 9
13 21 12
13 17 4
13 14 2
13 12 23
13 10 36
13 8 38
13 3 39
12 88 37
13 0 19
12 92 44
12 96 42
12 84 10
12 83 15
12 82 17
12 78 34
12 76 30
12 72 40
12 68 36
12 67 40
12 62 43
12 61 22
12 57 37
12 55 25
11 99 33
12 51 35
12 47 31
12 37 3
12 42 35
12 35 12
12 33 42
12 31 12
12 26 27
12 21 7
12 16 6
12 13 18
12 8 22
12 3 11
12 0 17
11 95 11
11 90 29
11 89 8
11 87 6
11 83 22
11 65 29
11 64 32
11 79 1
11 73 26
11 62 9
11 68 33
11 58 36
11 54 7
11 50 4
11 46 43
11 44 10
11 42 8
11 39 43
11 36 24
11 34 40
11 32 31
11 26 31
11 25 4
11 28 23
11 15 11
11 21 2
11 18 44
11 14 43
11 12 24
11 11 27
11 9 5
11 6 13
10 99 9
11 3 33
11 0 37
10 96 26
10 94 31
10 91 43
10 88 18
10 84 22
10 83 35
10 80 4
10 38 19
10 76 23
10 74 25
10 71 1
10 66 30
10 64 29
10 60 44
10 55 2
10 53 20
10 37 25
9 64 21
10 45 0
10 21 23
10 49 18
10 33 8
10 40 41
10 29 21
10 24 20
10 18 6
10 12 38
9 41 30
10 10 36
10 7 37
9 22 35
10 3 17
10 0 26
8 99 3
9 97 8
9 95 33
9 90 28
9 86 20
9 81 15
9 79 6
9 75 37
9 70 34
8 97 18
9 66 26
8 90 22
9 62 8
9 57 7
9 53 22
9 48 2
9 45 11
9 43 0
9 36 7
9 33 25
9 29 3
9 26 16
9 24 3
9 18 40
9 16 21
9 11 39
9 7 1
9 2 31
9 0 23
8 87 1
8 82 41
8 92 4
8 70 0
8 84 3
8 79 23
8 74 14
8 72 38
8 55 31
8 67 19
8 62 40
8 58 31
8 50 20
8 45 42
8 43 28
8 38 28
8 37 0
8 35 15
8 32 27
8 30 38
8 26 39
8 24 21
8 23 18
8 19 32
8 17 13
8 12 35
8 9 0
8 5 42
8 0 36
7 97 20
7 94 19
7 91 20
7 90 1
7 85 4
7 81 32
7 76 3
7 71 23
7 69 29
7 65 39
6 32 27
7 61 8
7 56 35
7 53 19
7 49 30
7 46 34
7 41 18
7 37 43
7 35 28
7 31 40
7 27 41
6 6 7
7 23 11
7 18 41
7 15 40
6 98 29
7 10 16
7 6 38
7 3 43
7 0 5
6 95 4
6 90 39
6 88 38
6 86 19
6 83 11
6 73 20
6 79 22
6 76 34
6 69 27
6 65 15
6 60 27
6 56 5
6 54 26
6 50 24
6 46 12
6 41 33
6 36 23
6 34 1
6 29 43
5 99 5
6 25 27
5 98 28
6 20 13
6 15 28
5 90 12
6 12 6
6 8 30
5 89 27
5 82 8
6 0 9
5 93 30
5 84 22
5 78 40
5 75 39
5 71 32
5 68 11
5 63 9
5 61 33
5 56 10
5 51 23
5 50 31
5 45 5
5 35 16
5 39 27
5 32 6
5 27 31
5 24 33
5 20 2
5 17 36
5 2 44
5 1 0
5 14 17
5 0 6
4 97 13
5 9 8
5 5 0
4 92 0
4 90 31
4 89 43
4 86 19
4 82 16
4 62 18
4 80 3
4 77 25
4 73 4
4 71 18
4 69 17
4 64 29
4 57 6
4 56 8
4 55 37
4 54 20
4 50 29
4 48 1
4 22 25
4 45 5
4 41 44
4 37 17
4 34 38
4 21 17
4 29 26
4 24 10
4 20 41
4 17 9
4 14 21
3 93 14
4 10 14
4 8 12
4 5 34
4 0 14
3 90 28
3 65 26
3 95 20
3 86 24
3 84 4
3 70 30
3 81 28
3 63 32
3 77 18
3 56 25
3 51 27
3 50 0
3 73 27
3 67 34
3 53 7
3 36 44
3 45 8
3 58 29
3 40 2
3 38 11
3 33 14
3 16 27
3 28 22
3 24 19
3 19 7
3 11 23
3 7 44
3 6 1
3 1 15
3 0 4
2 98 38
2 97 30
2 94 1
2 93 25
2 92 26
2 90 44
2 88 2
2 84 16
2 81 38
2 80 35
2 76 28
2 74 22
2 70 14
2 68 18
2 67 36
2 65 9
2 62 41
2 60 14
2 57 25
2 55 6
2 47 5
2 53 36
2 49 37
2 45 18
2 42 40
2 37 38
2 32 37
2 31 27
2 26 24
2 23 41
2 20 16
2 19 40
2 14 10
2 9 15
1 99 37
2 7 5
2 4 35
2 2 32
2 0 36
1 96 5
1 93 14
1 91 34
1 86 41
1 84 24
1 53 18
1 80 13
1 52 36
1 58 6
1 76 39
1 71 3
1 67 17
1 62 12
1 26 34
1 55 7
1 37 5
1 49 5
1 45 15
1 40 43
1 32 33
1 28 27
1 23 0
1 19 32
1 16 22
1 12 26
1 9 17
0 99 38
1 4 19
1 0 16
0 41 3
0 96 17
0 93 12
0 91 44
0 88 17
0 85 21
0 81 19
0 9 5
0 79 9
0 69 7
0 74 32
0 66 12
0 64 14
0 60 24
0 48 15
0 38 43
0 56 6
0 52 18
0 43 40
0 35 42
0 32 0
0 30 19
0 28 10
0 25 38
0 8 2
0 20 4
0 16 25
0 11 5
0 6 42
0 5 0
0 4 9
0 0 41
