0 8 32
1 22 21
2 46 13
3 15 8
4 22 36
6 1 44
7 31 4
8 6 26
9 20 29
10 12 21
11 13 40
12 38 27
13 23 30
15 5 15
0 35 26
1 37 25
2 60 2
3 30 42
5 34 19
6 6 39
7 97 23
8 54 24
9 40 29
10 18 33
11 22 13
12 88 34
13 43 32
14 24 32
15 27 31
0 41 8
1 45 13
2 68 16
4 38 35
5 40 22
6 31 6
7 27 14
8 68 5
9 63 39
10 33 5
11 64 20
13 51 24
14 58 42
15 55 43
0 43 18
1 53 44
2 97 25
3 45 3
4 43 22
5 80 6
6 72 23
7 93 17
8 82 2
9 72 44
10 37 35
11 75 25
12 93 10
13 73 42
14 93 29
15 82 25
1 56 37
2 41 0
3 51 32
4 61 7
5 91 35
6 95 29
7 23 27
8 88 21
9 84 16
10 44 14
11 98 0
12 97 11
13 96 39
15 97 13
0 68 38
1 95 17
2 59 17
3 53 19
4 99 31
5 98 43
7 89 10
8 95 6
9 95 24
10 78 20
11 11 30
12 36 6
13 19 3
15 2 6
0 95 18
1 20 7
2 63 9
3 59 12
4 21 12
7 19 31
9 15 34
10 94 39
11 20 22
12 83 43
13 42 23
14 21 43
15 23 28
0 6 14
1 35 2
2 92 28
3 65 19
4 25 33
5 30 37
6 29 8
7 86 1
8 5 16
9 35 11
10 97 41
11 61 6
12 90 27
14 53 37
15 50 42
0 33 11
1 44 26
2 36 20
3 68 32
4 33 8
6 67 17
7 14 9
8 50 35
9 58 33
10 7 25
11 73 28
12 92 22
13 68 29
14 88 9
15 80 40
1 51 30
2 58 0
3 89 39
4 41 28
5 78 7
6 92 38
7 85 7
8 67 1
9 70 15
11 95 24
13 94 6
15 94 12
3 97 20
4 57 18
5 86 20
7 10 38
8 78 43
9 83 5
10 31 2
11 6 43
12 34 27
13 16 4
14 0 5
0 48 27
1 91 23
2 88 16
3 12 31
4 97 6
5 95 29
7 82 5
8 86 36
9 90 31
11 19 17
12 80 34
13 40 20
14 17 35
15 21 15
0 67 3
1 17 18
2 35 42
3 26 9
4 17 39
5 1 26
6 28 34
7 6 33
8 92 26
9 10 14
10 43 0
11 56 12
14 48 3
15 45 41
0 90 17
1 31 43
2 55 14
5 27 13
6 63 10
7 80 4
9 31 30
10 75 40
11 71 19
13 66 17
14 86 33
15 79 3
0 2 13
1 43 35
3 42 42
4 31 26
6 87 34
7 2 30
8 1 34
9 57 24
10 90 3
11 90 8
13 90 27
15 90 23
0 31 33
1 50 25
2 84 11
3 50 29
5 77 25
6 0 13
7 77 3
8 46 5
9 67 2
11 4 22
12 32 37
13 14 23
2 30 13
4 56 26
8 64 14
9 81 16
10 3 22
12 76 15
13 39 44
14 16 9
15 17 5
1 89 7
2 51 32
4 93 10
5 94 12
6 23 31
7 76 39
8 74 7
11 54 28
13 50 22
14 44 25
15 41 44
1 13 37
4 12 36
6 61 2
7 0 23
8 84 17
9 5 11
10 26 26
13 61 36
14 83 5
15 74 2
0 62 33
1 28 33
2 80 3
5 22 28
6 86 11
7 74 15
9 27 19
11 89 38
12 96 35
13 86 8
15 85 33
0 88 25
2 25 27
3 85 15
9 53 4
11 0 39
12 28 14
13 12 4
15 0 10
5 74 16
7 71 5
10 73 24
12 74 5
13 38 15
14 15 29
15 13 18
0 29 32
3 8 7
4 53 2
5 85 30
6 21 20
8 45 35
9 79 41
10 87 1
11 53 36
14 41 23
15 38 14
1 86 18
2 79 7
3 23 16
4 90 18
6 57 40
7 70 26
8 62 36
10 96 39
13 57 34
14 81 23
15 71 38
1 8 34
2 23 40
4 8 41
6 81 3
8 72 35
9 4 28
10 2 9
11 86 1
13 84 34
3 38 19
5 19 24
7 65 0
12 24 11
13 7 43
0 59 10
9 48 35
10 25 3
12 72 3
13 35 22
14 14 30
15 9 29
0 85 0
1 49 6
2 76 27
5 72 9
6 16 36
7 62 20
11 48 4
14 39 31
15 34 1
2 19 18
3 58 22
4 49 30
5 84 39
6 55 0
14 76 15
15 67 39
0 24 28
1 83 32
2 49 41
4 85 44
6 78 4
7 58 32
8 42 24
10 71 30
11 82 32
13 82 44
1 3 40
4 4 31
12 19 31
13 5 7
3 82 15
4 24 2
5 14 0
7 57 32
9 24 43
12 69 1
13 30 19
14 12 8
1 41 43
2 16 42
6 11 8
9 44 27
11 43 21
14 34 21
15 32 0
0 54 22
3 7 12
5 70 31
6 52 20
7 55 11
14 72 8
15 65 26
0 84 0
3 19 41
4 47 19
1 78 19
4 82 3
7 52 39
12 14 37
13 2 41
0 21 44
1 0 30
2 15 35
8 37 1
9 0 10
12 64 25
14 7 40
5 12 40
7 48 2
8 61 30
10 67 39
11 38 2
14 31 21
6 48 21
10 84 35
14 67 6
15 61 9
2 74 5
5 67 32
7 44 24
9 66 17
2 11 30
12 9 24
0 81 20
1 76 26
4 77 9
7 40 13
12 61 14
14 4 32
3 79 30
11 33 1
14 29 21
0 19 29
5 9 11
6 46 10
7 36 26
8 34 18
15 57 12
2 7 25
3 2 12
x
5 65 12
10 63 6
12 5 2
12 56 7
1 71 24
4 75 26
6 8 35
7 35 37
11 29 7
13 49 38
0 76 1
2 2 36
4 2 0
6 43 11
5 5 13
6 77 1
8 0 40
0 14 12
8 29 12
12 0 21
5 61 10
8 58 42
12 52 4
9 76 40
1 66 17
3 77 43
4 70 38
6 38 5
10 62 41
x
11 79 8
x
x
12 47 23
0 11 5
5 57 37
8 26 9
11 28 9
14 28 43
6 35 18
9 75 24
11 68 27
4 65 31
x
x
10 60 23
11 18 42
12 44 22
x
0 1 41
5 55 26
14 64 15
3 73 11
4 45 4
8 24 13
x
x
10 24 17
12 43 8
13 29 28
x
0 52 44
1 40 14
10 40 18
5 52 10
10 57 5
13 79 16
14 99 41
x
1 63 38
4 64 35
8 21 22
x
10 1 32
x
4 29 27
x
5 47 38
x
8 99 6
x
10 53 44
4 0 25
8 19 8
x
15 84 21
x
5 46 1
12 42 20
13 28 4
x
x
x
3 67 14
8 15 16
x
x
2 0 6
3 0 4
x
x
x
x
8 10 15
x
10 52 20
x
1 62 9
13 0 29
5 0 6
x
0 0 3
2 62 24
3 95 13
x
x
x
5 93 11
x
x
x
x
1 55 16
x
x
6 34 11
x
10 50 17
5 39 1
0 74 25
x
x
x
x
x
9 43 23
x
x
x
8 9 10
x
x
3 36 16
x
x
x
x
x
x
x
x
x
x
x
6 76 22
x
x
x
x
x
x
x
x
x
x
x
x
x
x
x
x
x
x
10 0 8
x
x
x
x
x
x
x
x
x
14 3 22
x
x
x
x
x
x
x
x
x
x
x
x
x
x
x
x
13 56 6
x
x
x
x
5 45 15
x
x
