10 87 27
x
x
10 31 26
0 41 10
2 44 25
7 93 29
0 23 18
5 61 6
x
5 34 7
x
x
7 27 11
4 35 23
10 37 29
15 39 11
x
12 16 1
13 0 39
9 82 15
4 9 0
0 43 11
12 84 21
11 46 28
8 72 33
x
5 89 33
3 90 4
0 74 9
13 45 38
3 38 15
7 84 43
11 56 31
14 53 12
15 90 9
7 17 16
x
13 52 11
8 1 31
4 15 11
2 56 8
11 1 8
0 6 33
8 73 25
3 79 29
9 2 43
1 0 34
15 53 43
4 97 20
4 5 5
15 14 38
3 19 19
13 40 35
1 24 23
x
13 35 40
5 95 0
9 90 34
x
9 32 1
12 90 32
12 98 40
x
4 58 13
15 4 32
5 12 36
7 8 27
7 72 23
15 45 18
1 31 38
3 45 43
4 2 33
0 31 19
6 14 19
13 1 44
13 74 4
1 49 13
15 33 21
1 50 44
15 47 40
1 3 31
15 17 34
11 18 20
2 2 33
15 35 33
14 45 8
2 86 23
x
13 81 41
9 60 18
11 80 20
x
3 67 10
0 0 31
10 25 13
8 9 0
2 1 43
5 47 29
15 75 12
2 75 42
x
15 61 35
10 24 21
x
x
x
x
x
14 93 5
13 6 17
12 47 2
6 34 8
11 12 8
12 76 5
4 29 39
x
11 41 23
x
11 51 2
14 19 17
x
x
5 39 44
5 76 27
15 40 29
0 54 43
x
x
13 63 0
x
8 3 5
x
7 25 43
13 95 38
1 73 2
10 42 11
x
x
13 97 27
5 5 10
5 8 34
4 12 30
x
6 78 31
6 49 25
4 70 44
6 6 13
11 20 9
6 60 36
15 66 23
5 86 19
3 62 19
x
10 58 42
11 92 27
x
5 32 26
4 41 20
x
8 92 24
10 18 32
3 0 31
1 65 24
12 5 43
3 29 17
11 2 44
7 59 28
0 88 39
11 29 6
15 27 37
1 92 17
3 33 34
5 85 38
0 36 19
x
2 81 4
0 52 41
4 50 24
7 60 12
13 22 13
8 40 4
11 82 0
10 83 24
12 81 4
5 28 4
4 90 37
4 31 34
2 25 11
4 95 34
8 53 21
8 31 29
15 85 16
6 45 42
5 68 32
10 49 21
2 63 13
10 12 20
5 15 2
13 9 20
6 8 21
x
13 90 9
12 29 9
3 1 6
1 42 38
10 34 15
x
10 27 33
10 41 41
4 67 11
11 97 20
x
3 5 40
1 55 3
1 22 5
x
x
14 0 36
3 73 6
14 72 38
2 10 38
x
2 62 32
15 11 4
2 20 32
8 64 25
9 96 39
6 25 41
14 71 29
10 43 16
13 5 25
12 50 17
x
x
6 41 7
10 8 1
9 78 16
6 70 29
7 41 23
1 1 16
10 93 33
14 48 19
12 36 16
14 76 31
7 69 41
14 32 22
5 50 22
9 29 26
6 87 35
9 66 3
3 36 9
5 45 17
x
7 50 2
x
4 86 31
13 30 14
9 0 16
5 23 5
13 56 18
9 49 2
6 29 42
6 10 11
2 4 19
7 82 40
4 74 25
8 19 15
7 35 32
4 45 6
3 65 1
10 35 39
14 55 22
8 58 2
0 19 44
14 16 3
x
12 11 38
3 95 19
1 82 39
8 60 9
8 99 28
12 44 22
8 45 19
4 47 12
5 11 13
6 22 12
12 13 38
11 6 7
14 1 36
12 42 35
12 96 2
14 28 20
7 23 13
14 42 6
2 51 30
3 43 35
12 67 36
x
x
x
7 37 24
2 41 37
8 33 7
14 12 14
x
11 22 10
4 82 12
x
3 76 40
8 66 3
x
x
12 2 25
2 24 13
14 59 35
x
3 53 41
10 97 27
x
x
5 0 17
2 68 40
14 74 14
6 56 11
10 89 18
14 99 1
10 68 29
6 76 16
1 34 3
x
x
11 30 41
x
11 4 7
10 77 28
6 19 22
1 76 32
13 65 15
12 20 30
7 13 42
0 55 8
x
3 96 39
x
1 40 12
x
11 96 27
3 22 28
8 63 44
1 36 11
x
6 65 37
11 35 6
15 59 22
x
2 15 20
15 79 24
8 22 30
1 14 40
5 55 39
9 24 6
10 86 25
0 60 27
3 82 37
3 50 40
9 56 31
11 76 26
0 79 12
7 78 5
8 55 34
7 51 26
4 92 15
1 28 16
x
0 28 8
2 65 33
0 48 10
15 10 14
x
1 44 7
2 36 15
3 13 25
1 80 9
x
7 77 1
8 94 37
x
0 25 10
5 64 16
5 73 8
0 68 7
8 4 33
11 10 36
9 43 44
x
8 0 2
x
10 0 16
0 81 42
1 68 34
12 62 26
x
7 5 2
12 59 28
1 62 42
10 72 0
13 79 24
x
10 28 26
x
x
x
x
x
0 14 21
11 37 22
x
12 7 0
2 77 36
6 0 39
12 54 14
x
0 57 14
5 7 11
13 68 32
2 14 35
9 11 38
2 91 9
0 62 43
6 53 21
1 8 13
2 74 17
4 64 38
14 84 30
14 66 28
8 86 32
15 86 24
x
13 86 10
15 94 1
9 37 25
14 64 0
x
x
12 97 8
8 78 31
13 2 42
6 35 13
15 42 0
x
4 24 4
5 69 42
1 70 39
11 81 15
x
13 60 43
5 22 10
11 60 24
12 71 18
6 91 35
x
12 22 21
11 91 30
9 46 37
0 64 41
10 40 37
15 15 38
3 54 41
0 75 6
x
15 12 23
11 86 14
x
x
15 32 11
3 58 28
x
5 93 23
11 79 29
7 46 21
x
15 22 7
11 73 43
2 0 36
1 87 1
9 75 44
0 1 0
7 20 33
x
10 96 0
0 84 28
5 19 30
11 63 42
x
14 4 15
7 40 25
8 14 22
1 57 28
15 25 6
4 65 36
15 50 40
x
14 89 7
15 9 5
5 21 8
x
4 19 26
x
x
x
7 30 10
4 77 21
14 37 9
1 12 31
5 81 40
x
8 35 41
x
6 95 14
10 53 3
9 19 7
7 49 32
14 7 13
15 21 40
7 98 36
x
13 49 26
11 28 37
15 57 39
4 68 14
x
9 85 11
x
7 76 28
x
13 72 1
1 19 34
8 84 15
x
6 85 37
14 81 29
3 21 36
13 42 35
x
15 84 42
4 0 0
11 69 28
13 28 24
2 28 18
13 13 8
7 86 28
0 80 15
2 31 6
12 33 33
x
6 40 32
3 85 16
9 6 23
11 68 13
7 96 19
7 43 7
x
0 45 2
10 62 29
7 56 19
15 68 29
15 70 27
2 49 32
6 77 4
15 0 23
6 9 21
9 53 20
1 96 27
7 0 34
x
3 8 12
10 52 36
0 11 32
7 38 33
3 59 7
12 92 15
0 91 39
x
0 96 3
4 55 3
8 27 18
x
2 96 1
x
11 0 35
x
8 74 10
15 58 6
10 5 19
14 24 2
x
1 84 11
10 65 44
x
0 53 43
x
x
8 48 35
15 97 30
3 27 38
7 65 0
x
6 83 36
0 2 34
5 57 30
13 18 36
9 71 39
x
x
12 0 25
9 16 33
14 3 20
12 24 19
x
9 91 15
7 91 24
5 84 39
x
2 6 37
x
