14 30 16
x
x
7 78 27
4 54 41
x
4 64 18
5 12 33
13 18 15
5 65 13
13 32 39
10 87 8
2 3 14
x
12 0 26
12 43 14
x
9 43 28
11 5 7
x
14 88 19
11 79 8
3 77 5
4 9 38
14 64 20
9 88 22
13 49 30
x
3 25 28
3 48 44
x
10 56 14
5 81 15
0 29 36
x
x
5 97 19
x
6 34 9
x
x
9 5 7
3 56 30
1 40 38
2 60 30
5 88 20
5 33 19
12 90 21
12 31 29
12 35 6
14 48 31
3 65 39
14 86 13
10 49 31
4 6 37
7 38 41
1 49 44
10 6 19
14 97 3
5 50 21
9 66 43
8 56 22
8 35 40
13 54 8
3 11 15
7 74 17
4 51 31
x
5 70 8
2 57 10
x
10 44 8
x
x
x
10 80 36
14 32 9
2 72 20
4 33 3
5 16 23
11 13 38
7 84 27
14 44 4
1 9 41
5 63 11
8 84 34
1 20 43
6 8 35
5 25 27
15 0 20
15 23 7
7 99 34
1 28 1
x
6 99 37
9 21 5
x
7 52 24
3 38 27
12 96 34
7 30 23
10 15 9
14 36 35
x
10 37 41
x
15 5 22
4 41 24
0 14 32
13 94 24
8 50 33
3 41 16
x
3 67 29
2 91 22
8 5 44
x
x
13 61 26
1 71 34
8 92 27
8 25 2
13 10 29
12 5 7
14 7 43
x
12 88 5
11 0 12
0 93 3
8 88 21
14 75 26
7 33 9
14 12 2
4 85 33
4 98 30
11 82 28
2 32 8
8 82 14
8 76 26
x
7 28 11
1 33 33
9 18 12
9 61 33
7 53 44
7 7 26
2 36 20
5 14 22
10 69 35
6 84 4
x
x
3 81 37
6 72 10
13 89 41
x
9 48 6
2 26 17
7 35 3
4 24 31
4 0 26
1 62 6
0 41 8
5 27 3
10 34 17
6 54 9
x
14 96 7
x
1 32 19
5 59 10
1 5 3
10 96 13
11 90 3
x
4 45 23
0 24 30
8 81 18
15 44 42
6 90 16
7 23 38
6 76 0
1 67 8
4 82 19
x
x
15 36 39
2 74 12
11 38 11
7 68 7
0 49 33
2 41 2
12 42 16
0 67 41
x
0 11 42
5 10 38
9 0 16
14 59 30
12 61 27
7 98 5
6 95 34
14 69 29
4 55 1
x
x
15 30 3
2 12 0
x
2 11 15
0 9 41
x
x
10 3 26
13 14 17
15 57 22
3 79 40
5 76 24
6 6 39
2 62 32
x
10 83 16
1 16 9
3 36 13
9 40 30
6 68 12
x
8 39 0
11 62 8
8 99 42
12 74 44
8 90 13
6 40 15
4 87 15
x
x
8 72 42
0 20 0
12 10 37
7 50 29
13 16 31
11 60 36
11 18 30
x
x
15 97 13
7 63 11
15 9 25
x
x
8 13 38
14 26 42
8 43 7
15 32 36
0 48 11
14 95 7
x
6 63 6
0 98 2
x
x
5 84 25
15 66 23
x
2 16 44
8 37 36
3 22 15
7 58 0
13 56 35
14 20 1
2 40 9
11 16 41
14 82 8
x
7 13 2
11 97 30
0 15 1
3 16 10
7 61 28
5 74 36
x
6 4 25
13 70 40
0 0 2
5 39 39
11 92 28
15 38 15
6 13 41
x
x
3 83 1
10 71 39
6 16 7
x
12 92 28
3 29 25
x
11 48 17
x
7 96 39
7 62 42
x
x
10 54 5
0 16 39
11 74 1
x
1 44 20
5 45 1
1 24 31
0 52 19
7 32 33
3 95 12
4 67 17
2 59 17
14 91 16
15 41 31
13 99 8
15 90 26
9 71 16
9 83 27
2 18 31
12 51 11
x
15 14 32
x
0 72 22
2 7 4
11 77 38
x
11 33 37
5 55 13
6 44 24
12 79 30
6 20 3
4 89 13
9 13 35
11 56 26
4 48 27
x
12 70 9
x
1 85 17
x
0 3 13
x
10 61 5
x
x
0 8 37
2 33 11
14 41 9
8 61 4
3 50 2
7 11 10
1 79 37
x
2 87 40
0 85 1
11 85 40
10 78 24
10 72 12
2 54 2
6 31 22
x
x
9 27 2
x
8 97 23
12 47 32
12 65 21
6 58 36
x
9 24 1
10 29 43
13 45 22
x
7 40 33
x
x
2 65 29
1 55 4
10 18 39
x
11 93 3
x
4 29 0
11 28 32
8 22 10
14 3 41
0 90 34
14 77 0
x
5 0 17
6 81 1
15 76 10
3 34 14
x
13 0 8
7 81 27
x
2 21 5
9 36 17
1 76 40
14 17 22
0 78 40
12 21 13
9 81 5
x
10 0 10
15 70 9
10 40 23
3 19 21
13 21 2
14 22 37
x
3 73 41
2 96 3
5 93 32
13 41 19
1 0 24
5 5 18
2 98 33
3 97 11
x
2 81 29
8 7 0
7 91 39
3 89 35
x
2 44 18
3 44 16
5 91 42
1 99 31
8 0 32
15 49 21
15 59 18
x
x
10 11 29
13 75 44
x
4 70 24
6 49 23
4 35 21
9 41 6
13 5 16
6 28 3
x
x
x
x
11 52 5
8 47 30
14 99 11
7 17 27
8 53 26
x
11 68 14
0 62 23
x
13 65 6
15 28 0
2 47 16
4 59 12
0 43 21
0 71 9
15 80 12
3 8 22
0 74 17
7 89 40
15 54 19
x
8 66 29
13 93 3
x
4 22 43
0 81 18
13 73 42
2 56 29
5 30 10
x
x
3 53 38
10 81 26
5 20 42
4 72 36
8 30 11
8 58 25
x
13 25 27
12 82 34
9 79 26
15 20 34
7 43 25
6 25 21
15 82 13
9 31 4
9 94 14
x
4 80 16
15 87 35
2 55 25
2 28 24
4 62 23
x
2 43 33
8 18 43
x
15 84 0
10 94 32
4 18 30
2 49 25
4 75 20
13 87 8
x
x
x
15 72 8
3 0 42
0 33 28
4 94 28
13 26 28
12 56 17
1 36 29
1 37 22
9 73 38
6 22 44
3 63 39
5 15 8
12 45 17
10 98 33
12 26 2
13 79 6
6 89 22
x
0 38 12
3 5 43
x
x
7 48 40
8 78 14
1 23 42
13 58 21
x
10 77 37
2 85 4
9 75 23
9 98 10
2 69 15
7 18 7
1 11 35
x
x
11 41 18
x
14 74 33
x
13 36 14
5 37 24
12 86 44
11 71 11
7 5 23
15 64 9
10 51 18
x
x
10 64 33
9 16 9
x
6 0 31
5 2 36
x
11 44 27
13 82 35
14 52 42
0 57 36
12 34 4
9 10 5
10 90 22
x
x
9 56 32
9 51 37
9 90 18
12 18 0
7 70 6
x
8 9 11
2 78 14
12 30 28
3 58 10
4 14 33
x
x
12 38 5
10 92 6
14 56 5
1 82 14
15 93 37
1 60 28
x
13 28 20
7 0 12
2 0 44
8 45 6
8 31 41
12 15 23
14 28 9
11 23 44
11 9 34
1 95 22
6 37 13
12 67 39
5 42 3
14 0 5
x
x
10 24 15
3 85 18
1 90 40
15 18 39
11 91 39
15 7 31
4 2 40
