0 94 6
6 79 22
0 8 16
0 74 14
3 19 38
9 58 18
x
1 25 29
2 45 13
x
2 86 18
15 32 42
x
15 41 43
14 58 19
4 89 13
15 55 22
0 77 28
2 23 3
10 11 21
11 72 12
x
x
1 49 20
2 2 12
2 99 17
x
x
13 70 33
2 19 9
6 39 27
10 25 36
6 57 10
x
3 16 28
4 46 19
x
12 10 6
x
x
3 75 41
13 95 7
4 45 3
8 22 25
3 48 6
6 54 12
14 92 30
10 49 17
11 81 20
13 35 5
4 19 2
13 79 22
15 98 37
9 75 40
1 84 40
10 0 13
14 77 15
7 65 22
5 2 20
6 0 31
0 68 16
15 64 26
4 82 16
5 93 25
5 9 2
0 25 4
7 31 5
14 82 42
x
8 6 40
15 65 22
x
1 8 27
x
x
3 88 3
1 66 19
4 43 13
4 29 14
7 48 33
2 20 24
4 69 27
x
3 50 36
13 8 30
x
9 20 17
x
6 76 42
5 78 5
0 82 22
1 99 13
7 3 10
5 68 13
2 56 36
7 78 26
x
4 24 17
0 14 16
14 13 35
8 49 6
1 87 35
4 95 42
8 0 39
x
11 5 29
15 22 34
9 90 13
8 58 23
6 70 12
5 97 1
8 14 25
2 63 44
15 75 35
7 93 38
12 42 20
0 41 3
12 12 26
x
7 88 23
2 51 1
x
1 80 17
3 89 0
5 73 24
6 97 5
8 97 20
x
4 84 10
7 85 2
x
4 81 42
10 12 41
12 31 8
11 15 41
12 38 28
13 26 9
14 1 35
x
0 65 43
9 51 25
13 10 2
3 58 24
x
4 3 14
1 16 13
7 37 7
13 17 42
12 58 40
2 30 4
8 31 27
0 22 3
10 83 22
15 5 0
8 79 23
12 4 29
x
1 4 35
2 27 25
6 84 30
7 57 21
8 63 29
10 24 9
3 54 38
9 98 2
4 54 17
2 0 41
5 39 44
10 79 28
2 13 3
x
8 40 40
5 85 18
9 68 14
x
x
6 87 8
7 36 43
10 70 44
7 10 36
11 0 29
9 69 23
3 27 32
11 12 44
11 75 10
11 84 26
10 55 8
11 92 21
8 60 22
x
13 4 39
9 5 38
2 62 19
4 12 2
3 44 30
4 0 21
8 38 16
12 26 22
12 34 28
12 60 8
14 5 33
13 22 15
5 17 12
10 3 8
1 62 27
6 9 34
15 9 22
7 44 27
13 80 34
13 16 41
8 59 20
x
x
x
4 67 24
12 98 41
13 93 30
5 49 16
6 34 43
0 37 37
9 81 6
10 7 18
1 35 35
x
11 68 18
0 0 28
5 0 9
x
6 23 36
14 0 16
x
6 6 42
2 57 4
7 16 30
8 96 0
x
15 1 4
x
15 93 37
10 68 25
11 88 3
0 98 19
x
12 78 1
9 10 6
10 41 24
12 49 7
13 81 34
11 33 33
x
1 20 0
12 94 7
1 6 9
14 31 39
2 71 25
7 35 44
1 0 27
11 53 29
x
x
9 1 19
13 49 21
12 17 28
x
14 51 15
4 41 13
15 85 38
15 51 40
0 96 17
1 75 19
8 21 3
0 50 22
x
13 13 31
3 31 0
3 79 23
14 4 42
x
1 30 25
4 25 21
1 31 8
3 63 30
4 16 23
2 74 11
8 11 16
5 37 8
7 24 36
x
x
5 67 40
7 98 13
0 46 8
2 67 2
3 45 20
3 85 31
8 52 1
7 70 9
5 31 35
x
13 33 38
10 40 19
14 3 37
10 75 6
1 28 35
6 62 25
14 10 27
3 95 14
15 18 10
15 35 34
0 43 43
9 15 32
12 90 22
7 80 11
4 75 26
8 99 37
9 38 39
5 22 7
x
3 82 36
x
10 90 38
10 20 11
1 90 17
x
7 53 40
13 74 3
11 18 21
12 64 38
6 8 7
2 49 23
11 28 36
6 35 28
11 19 33
13 28 19
14 29 16
6 46 32
11 24 43
5 25 12
x
4 58 31
5 87 6
7 63 26
2 14 17
x
12 73 29
x
9 25 16
12 88 35
9 43 19
12 87 8
9 33 8
10 60 27
13 43 11
10 18 33
14 96 30
15 80 18
x
14 70 35
12 21 32
x
13 31 0
11 36 11
13 15 22
0 62 25
14 35 35
x
14 6 35
7 18 19
10 78 18
8 75 29
3 61 12
14 22 28
x
15 15 15
13 38 3
9 48 19
11 69 0
4 91 34
15 40 41
0 17 14
6 19 30
14 17 31
5 55 9
12 92 41
15 24 39
14 64 27
1 57 40
13 65 4
x
0 4 16
14 89 41
x
12 0 3
13 56 7
0 29 40
x
1 34 18
x
x
13 1 18
x
2 40 32
x
5 14 4
7 75 6
12 46 15
x
0 60 9
1 55 0
15 28 42
1 46 7
5 45 42
8 72 29
x
3 6 27
8 26 32
3 10 5
9 93 13
11 49 15
14 47 35
15 46 5
1 11 21
5 60 34
15 72 9
9 66 21
x
10 30 37
12 68 10
2 94 31
5 35 13
9 83 2
6 42 25
2 72 24
3 36 34
1 40 43
4 35 21
8 33 4
x
6 51 41
4 8 34
6 27 14
x
3 73 34
15 10 36
10 50 26
7 87 13
x
x
1 70 33
x
x
6 59 37
5 40 1
2 64 20
6 78 30
7 52 11
6 30 15
9 24 6
7 28 39
x
0 90 16
14 65 12
0 12 7
8 5 33
7 7 5
4 50 23
10 33 25
x
x
8 17 36
9 36 8
4 65 8
x
x
4 74 15
8 85 21
0 11 18
x
x
3 47 43
6 94 20
11 9 17
x
8 68 40
12 33 28
5 62 39
9 62 1
9 67 34
9 7 12
4 60 38
x
x
10 31 26
15 57 44
6 11 12
6 16 40
7 15 10
13 60 24
8 1 24
13 58 42
2 7 16
7 41 26
8 84 14
3 2 41
5 91 5
10 99 7
5 84 41
13 18 44
7 0 25
3 20 19
5 54 25
1 95 4
9 53 37
8 44 44
9 79 27
14 87 26
x
10 63 8
10 85 20
11 58 26
14 53 11
15 68 22
6 99 42
x
10 89 23
12 8 33
15 54 12
10 96 2
0 64 37
11 91 25
11 79 5
13 6 20
2 90 9
x
5 5 3
2 82 20
5 29 3
14 74 6
3 14 3
14 99 42
6 92 0
7 72 2
15 84 3
x
x
9 0 6
x
x
12 96 30
0 34 34
x
x
7 27 27
11 44 43
13 90 14
x
15 0 17
14 42 7
8 86 30
1 45 3
15 44 3
0 57 34
0 48 42
x
x
9 86 37
15 91 43
2 35 25
x
1 89 33
8 92 18
4 94 42
5 94 13
15 60 16
2 77 43
3 23 26
9 28 18
14 28 3
5 6 9
x
10 57 41
x
x
3 67 33
7 59 24
11 41 21
10 44 31
7 82 6
12 54 27
x
4 64 23
0 52 32
14 38 7
13 0 33
0 87 17
x
12 44 35
1 77 1
9 95 11
x
11 90 35
0 32 42
11 96 39
3 39 10
x
10 34 16
2 9 0
11 63 14
9 77 10
4 31 44
6 66 9
13 86 44
15 88 16
4 78 41
3 0 7
13 53 9
x
x
x
7 20 15
x
10 37 44
10 2 28
8 51 21
12 83 37
