0 71 27
x
0 38 19
11 63 1
12 40 22
x
10 79 27
2 71 38
x
9 18 1
x
9 39 18
7 30 13
6 97 5
x
1 98 18
9 73 43
10 12 27
x
0 50 19
x
6 94 13
1 52 36
x
10 31 18
9 72 39
9 13 0
11 97 23
x
11 62 31
10 9 12
x
0 98 17
6 29 14
3 62 30
6 25 42
9 86 14
6 92 27
7 97 6
7 95 24
6 21 27
x
12 39 38
6 17 14
9 71 4
10 76 15
x
12 38 25
6 89 34
4 60 13
x
0 41 31
3 50 15
1 37 7
4 20 24
3 92 39
x
x
3 36 17
x
x
11 61 5
8 89 42
0 37 12
9 8 3
7 26 30
x
x
5 79 44
2 98 7
3 46 9
5 75 35
4 97 11
8 66 13
9 60 34
10 99 28
7 22 3
9 70 38
0 69 24
6 13 30
4 17 37
10 43 44
7 18 26
0 35 23
8 87 7
7 14 39
x
11 92 8
0 33 21
x
6 70 21
9 99 7
x
x
9 98 25
6 3 39
7 90 25
12 37 5
4 14 8
x
1 46 32
8 64 39
x
0 32 9
15 98 29
x
6 68 12
4 57 17
12 36 7
x
x
4 94 11
11 91 34
x
x
9 96 20
0 9 34
x
5 71 34
x
x
2 43 22
5 67 11
x
x
0 96 4
9 95 27
5 33 17
x
4 92 7
1 25 17
11 77 18
x
1 23 0
3 16 40
x
3 65 20
6 6 0
10 21 13
0 29 15
1 21 6
3 89 34
6 86 40
8 79 36
x
x
3 68 32
10 94 30
0 67 15
x
0 94 14
3 54 43
1 44 3
x
x
5 63 36
4 54 39
8 85 4
10 6 21
3 59 1
8 62 42
x
12 35 29
4 41 32
3 98 24
x
10 74 20
12 34 43
x
11 76 15
5 88 32
5 59 40
6 1 4
10 38 26
5 55 0
9 5 11
x
12 33 32
x
x
x
x
x
x
x
5 51 37
10 72 37
x
4 89 15
1 19 40
2 96 35
0 65 26
12 32 2
x
11 75 36
3 32 2
1 17 36
x
x
4 10 30
0 8 36
x
x
x
6 64 25
0 92 26
11 74 6
5 47 37
11 73 11
10 98 5
11 72 12
5 41 35
6 9 6
2 93 17
9 37 25
2 59 14
1 15 27
9 81 31
12 88 42
x
6 62 38
x
x
12 87 20
12 31 2
x
5 98 18
7 10 33
x
9 94 36
8 52 25
12 30 9
x
1 13 0
10 93 10
8 4 1
x
8 0 40
x
8 96 44
0 63 44
3 96 36
8 47 44
x
x
2 90 26
8 42 35
x
5 85 2
4 85 14
x
9 69 37
8 60 37
5 29 43
9 93 21
12 29 15
3 85 29
x
0 90 4
8 37 3
9 1 24
x
1 33 34
5 25 18
0 88 44
7 88 7
11 24 31
3 43 35
0 86 10
4 38 14
12 28 28
11 60 22
7 84 40
8 58 25
x
3 13 4
12 27 14
0 27 38
11 59 44
3 11 17
3 8 34
10 5 5
x
3 5 29
9 34 19
0 7 36
x
10 2 12
9 56 16
11 16 21
3 3 25
10 37 6
x
1 11 42
3 29 6
x
7 82 16
x
7 5 13
6 60 3
12 26 12
12 86 8
3 26 40
0 61 28
x
2 87 9
x
x
x
3 0 12
x
12 25 21
4 25 36
2 84 15
10 92 7
x
2 68 38
12 85 33
2 81 22
1 9 38
x
x
x
1 7 33
5 21 25
x
11 15 22
5 17 36
11 71 41
6 84 34
4 49 12
5 13 26
x
2 65 29
0 84 10
x
x
x
9 53 6
0 25 4
x
1 5 6
x
5 9 9
x
0 59 14
2 40 5
9 33 4
x
10 1 10
2 37 10
6 81 32
x
0 23 4
15 96 36
x
7 77 21
4 34 43
x
8 32 44
7 75 40
x
11 58 19
0 82 16
10 69 3
1 50 42
x
0 21 43
10 91 1
x
6 79 16
x
2 34 12
2 31 18
x
2 28 31
2 25 18
2 22 13
11 70 17
7 70 44
x
x
x
0 57 37
x
12 84 22
x
x
11 21 22
x
2 19 29
5 93 44
4 81 15
1 3 9
2 78 0
7 66 34
10 0 28
4 77 3
7 61 17
2 16 40
0 80 1
x
7 57 27
1 95 3
2 13 32
2 10 1
8 27 1
8 77 13
7 55 17
x
15 94 26
4 73 37
3 23 35
9 49 23
4 69 25
11 53 13
x
6 58 3
x
x
x
x
8 75 14
2 7 1
12 24 13
7 51 22
11 52 32
x
x
1 1 25
x
4 65 25
8 99 44
9 48 42
x
x
11 47 5
3 81 15
1 92 22
x
x
6 53 12
10 67 33
x
6 48 12
10 20 14
7 0 44
9 30 35
11 10 23
11 88 15
7 46 40
2 4 6
x
1 89 41
11 69 28
11 68 8
x
11 87 13
x
11 5 39
x
4 5 7
0 45 6
10 19 33
2 56 41
x
0 6 11
0 48 41
1 86 40
1 29 36
5 1 44
0 19 7
10 86 8
9 43 11
12 23 5
10 85 26
12 83 26
7 42 21
11 19 41
10 84 30
2 62 24
x
2 75 36
x
0 5 24
x
x
0 4 22
1 83 13
x
12 82 36
3 77 3
0 17 34
11 44 12
x
11 41 34
10 83 8
x
x
8 73 43
0 15 44
1 80 5
0 3 7
4 1 31
9 68 9
10 18 41
12 81 6
x
1 77 5
8 24 4
11 86 0
x
x
x
7 40 3
5 45 10
2 54 37
8 19 42
x
x
x
x
9 67 22
9 76 28
0 2 5
0 43 22
15 93 14
1 74 14
10 97 17
15 92 20
8 94 1
11 39 38
x
1 71 7
12 22 35
x
0 13 14
4 46 2
6 77 31
15 91 5
5 39 23
1 68 39
15 90 7
1 65 2
0 0 44
12 21 30
11 37 22
10 63 44
2 52 13
x
8 14 1
10 58 24
9 66 21
x
11 83 11
1 58 27
11 82 12
x
x
15 89 24
0 11 34
0 77 25
0 75 32
11 35 41
6 45 15
x
2 50 26
x
3 41 16
11 18 12
x
15 88 9
x
4 30 43
x
x
x
12 80 5
1 62 17
10 41 8
10 28 42
1 41 37
11 0 1
x
x
11 32 3
x
x
3 73 2
9 27 20
12 79 9
10 53 32
x
12 20 29
11 29 35
9 24 43
0 55 3
10 50 39
x
5 5 39
10 96 4
0 53 25
x
8 9 44
3 20 10
15 86 14
7 36 23
x
8 92 24
x
x
x
2 1 12
1 55 2
10 26 31
3 39 44
11 79 2
15 85 8
6 40 20
x
6 35 27
10 24 42
15 84 20
10 49 18
x
