x
3 0 23
2 43 12
4 64 18
3 25 25
7 88 23
1 30 29
x
2 6 24
7 35 7
x
9 5 4
4 93 42
6 53 20
7 64 22
7 62 35
9 13 9
4 13 27
1 33 44
13 47 36
2 30 7
7 28 3
9 27 26
5 9 21
13 64 1
7 27 35
7 92 5
9 14 33
1 85 34
0 50 39
10 44 7
12 60 22
6 14 29
x
x
2 89 21
7 7 4
10 37 10
x
4 11 7
x
13 79 5
6 74 2
2 9 34
14 77 2
9 49 5
x
x
5 97 40
3 53 21
14 33 27
2 42 1
9 8 30
6 63 13
x
4 29 31
8 9 7
13 14 34
1 52 21
8 92 13
x
11 77 26
3 50 36
9 22 3
5 24 13
6 38 42
11 18 30
10 76 36
x
1 98 8
15 32 19
5 14 9
9 32 15
x
6 65 23
x
13 93 14
x
14 96 37
0 21 31
2 45 30
x
4 18 26
12 87 44
3 38 27
9 95 37
5 73 32
2 53 28
1 28 11
15 64 26
x
0 72 10
13 39 32
8 38 15
11 16 11
9 77 6
x
x
6 56 2
2 0 43
6 72 10
11 0 33
3 13 9
1 26 43
2 4 42
x
1 20 9
9 86 36
5 43 11
3 27 11
6 96 13
x
x
12 81 17
6 0 33
6 18 15
15 7 28
14 64 19
13 0 8
1 89 23
8 84 38
x
3 87 40
5 52 35
4 53 22
8 43 2
2 93 3
11 3 20
x
x
11 59 6
3 48 18
10 49 16
6 36 41
5 76 3
15 87 38
12 1 9
8 7 30
8 5 29
6 93 24
x
14 48 5
9 66 28
x
0 52 6
x
11 36 18
13 54 18
0 25 8
8 0 19
7 69 18
7 47 8
7 75 19
15 9 2
11 45 4
3 75 38
x
14 90 40
11 88 31
4 5 31
13 19 21
2 66 23
12 0 24
6 45 9
x
x
x
15 75 27
9 17 5
14 92 30
0 76 1
12 77 37
x
6 70 6
1 94 30
5 21 31
5 68 43
10 81 41
10 64 9
8 24 24
0 11 44
2 33 4
x
12 18 10
x
0 43 32
6 81 44
15 71 37
x
x
2 38 44
1 24 25
8 33 44
4 45 41
x
5 29 40
15 98 12
15 57 1
x
x
3 36 22
5 78 1
8 58 10
x
5 34 41
3 73 18
x
7 58 12
x
x
x
x
9 52 12
6 42 30
6 83 2
x
3 97 3
8 14 29
2 99 11
9 10 36
14 56 2
x
15 94 32
8 72 16
11 11 43
x
3 58 41
1 81 29
8 34 41
3 26 1
14 69 17
5 91 12
1 16 12
6 16 25
4 26 17
0 5 12
2 49 16
x
5 86 39
14 17 26
x
6 20 6
x
13 84 23
0 30 25
9 69 22
10 9 40
15 35 34
3 45 4
1 12 38
1 55 15
15 82 11
12 39 34
4 49 24
1 60 0
15 76 25
2 74 11
7 53 28
9 29 18
0 0 14
1 72 18
6 24 3
11 84 24
9 35 26
7 12 34
6 8 25
13 21 42
9 39 26
9 43 25
3 95 6
8 99 32
10 47 0
11 70 31
4 76 39
7 3 25
8 80 40
6 6 12
6 22 37
9 99 2
14 0 26
x
8 63 40
15 3 28
2 86 2
13 61 43
9 79 9
12 57 21
3 19 34
x
11 65 12
11 68 29
7 31 0
7 14 16
x
12 21 39
14 85 0
x
6 28 31
4 35 7
2 94 40
3 56 44
6 32 43
15 84 38
10 69 21
15 45 39
13 74 40
12 42 33
11 21 10
12 2 18
x
3 5 28
3 71 33
x
x
x
13 43 0
9 46 27
14 99 5
8 52 11
6 10 42
0 86 5
2 96 15
13 69 30
x
11 61 33
x
14 95 5
3 83 16
14 82 34
0 48 14
8 45 17
12 73 4
8 19 32
9 83 23
8 50 28
12 32 26
3 91 42
2 24 36
x
14 93 32
13 89 3
x
14 19 41
x
14 51 7
15 69 12
8 68 43
3 99 29
5 47 15
6 99 43
x
x
6 88 19
8 31 43
1 37 31
12 10 20
10 85 32
14 78 37
10 54 11
12 47 1
13 24 28
4 0 8
12 90 5
13 34 40
x
x
x
2 22 9
10 22 39
10 96 21
14 61 9
15 40 42
8 77 21
1 7 10
1 76 39
x
3 32 0
2 82 2
5 82 36
9 90 13
0 82 18
15 22 33
4 88 13
11 75 32
x
10 16 20
x
11 31 14
14 10 35
4 31 44
14 58 27
14 37 42
15 90 10
11 54 16
13 36 16
2 78 36
11 15 30
x
7 82 31
7 40 16
3 40 19
11 40 17
5 39 38
13 51 24
14 24 35
13 97 42
15 12 39
13 49 22
2 28 1
x
4 24 20
14 3 36
11 56 0
x
x
x
5 57 10
10 14 38
10 24 20
13 30 11
11 95 40
11 79 7
x
x
7 32 12
x
4 22 18
1 2 14
13 9 37
9 75 3
4 78 29
0 64 8
12 14 27
2 85 3
13 56 19
12 68 35
7 18 15
9 60 6
3 60 6
4 84 3
3 10 33
11 49 34
10 83 35
10 28 38
6 48 26
0 41 27
10 59 1
x
x
10 33 44
4 71 14
x
0 57 18
12 24 42
13 26 42
x
4 81 30
x
5 18 28
0 16 12
6 59 8
13 4 43
5 45 15
x
x
12 96 25
4 62 12
2 40 18
9 24 29
10 18 15
0 80 42
x
x
x
15 55 14
11 74 18
x
x
5 61 25
7 33 40
x
9 80 43
2 58 37
0 35 0
1 53 36
0 95 34
x
15 6 44
6 85 30
15 52 41
3 63 37
7 71 26
6 34 12
11 28 8
14 28 44
11 8 20
12 13 4
x
0 91 39
5 0 20
14 83 24
x
x
5 5 14
13 77 17
1 47 37
7 87 14
4 67 4
x
x
12 86 22
8 64 27
15 77 11
12 27 0
1 10 6
8 29 36
9 20 12
7 77 29
11 91 43
2 13 35
14 43 20
0 68 41
x
6 76 14
9 64 29
8 75 44
2 72 15
14 7 29
x
15 30 13
9 72 44
x
2 18 5
7 50 30
3 65 40
9 56 24
7 10 13
12 7 31
8 55 9
12 37 6
x
x
5 2 33
0 61 20
x
12 38 43
x
x
5 32 24
12 15 6
x
10 0 28
9 45 8
10 90 19
1 49 35
x
14 42 33
1 67 22
x
0 9 23
1 0 1
11 12 9
6 12 1
x
15 0 16
15 27 7
0 38 36
15 17 27
0 74 38
3 22 31
3 67 21
6 71 6
3 42 27
x
5 63 6
3 79 31
x
x
4 41 32
3 23 40
x
15 49 27
x
10 71 17
5 93 4
7 97 17
2 62 37
0 27 16
x
x
x
12 52 8
14 13 3
x
1 44 2
x
5 84 17
7 0 19
12 92 20
x
2 71 23
1 22 2
1 40 18
1 62 38
4 8 13
13 28 29
10 40 26
14 74 14
8 73 37
x
4 58 25
10 5 22
x
4 97 10
15 62 4
8 89 12
12 65 39
8 97 42
x
7 43 13
9 0 11
11 25 36
11 2 8
9 31 8
7 23 2
