9 63 19
8 31 38
11 89 35
x
x
8 0 29
10 62 4
x
12 27 34
x
12 5 25
9 34 26
4 45 13
x
7 83 12
1 2 23
0 41 42
12 53 15
x
15 52 32
12 69 41
x
11 98 1
1 32 32
2 49 39
8 19 9
5 72 34
13 68 2
8 20 36
7 33 20
1 45 14
15 94 0
x
x
x
0 0 28
12 38 13
9 6 39
14 57 38
11 64 8
8 49 30
15 21 39
5 77 12
6 38 1
8 53 20
1 95 7
13 18 11
12 52 5
x
10 96 42
14 64 4
x
9 37 28
10 32 11
2 34 35
9 32 43
0 74 6
x
x
3 3 5
x
14 62 43
14 43 32
x
x
2 7 2
15 53 37
12 33 32
2 0 28
12 18 39
x
x
x
x
x
0 22 11
x
3 48 23
3 92 23
12 74 30
x
x
7 10 43
6 61 0
8 47 27
4 4 17
9 66 34
15 75 18
9 87 20
3 82 27
6 0 33
9 99 12
3 29 44
15 13 17
x
5 39 1
x
x
x
10 0 9
4 64 42
7 16 29
4 87 32
10 99 28
x
x
3 50 1
9 13 23
x
7 52 33
7 47 35
x
5 69 5
14 16 8
6 80 18
0 15 30
6 74 29
4 15 16
14 36 22
13 89 38
1 82 26
x
10 49 38
8 36 14
x
7 65 25
15 71 6
x
14 68 30
8 29 28
1 19 24
2 97 27
11 45 7
5 80 21
13 82 16
2 23 39
3 71 23
x
6 93 37
10 79 29
11 9 42
12 30 24
x
5 12 32
13 36 12
x
10 9 1
x
x
15 84 38
1 13 35
3 45 26
8 27 33
x
12 62 5
0 93 31
2 4 8
8 24 39
x
2 31 23
10 71 12
x
3 65 33
x
14 21 5
11 68 20
7 50 11
x
2 86 8
x
10 13 37
8 62 26
x
8 56 32
x
14 40 30
3 24 0
10 22 15
3 13 35
8 42 21
2 18 24
10 4 36
9 81 13
13 41 34
9 57 41
13 10 7
x
8 66 10
9 90 4
x
13 94 0
5 32 34
6 99 36
4 92 34
2 68 5
3 0 18
5 10 25
x
1 49 4
13 32 44
6 32 26
7 58 23
10 53 41
14 7 33
6 76 44
6 72 21
x
0 34 17
x
3 36 32
3 12 25
3 38 21
4 83 20
10 73 22
3 98 15
1 0 11
6 49 37
x
0 99 1
13 79 13
5 70 25
15 9 27
4 74 19
11 77 0
x
7 29 7
14 3 12
6 12 9
9 69 35
1 98 4
x
12 26 5
1 28 8
1 59 43
x
x
x
9 75 29
1 69 18
11 91 21
6 59 30
0 91 40
11 53 10
9 8 9
0 60 20
4 20 9
0 84 0
7 23 2
5 23 38
2 82 28
8 14 40
5 82 5
10 37 18
4 70 39
4 39 22
13 54 33
0 52 18
5 16 44
14 60 26
5 45 15
9 47 19
2 64 15
7 6 31
x
9 79 21
x
6 24 27
4 96 2
14 0 3
10 69 44
14 23 41
7 28 9
x
3 21 12
11 11 27
14 24 5
8 99 0
2 46 21
x
9 39 36
0 4 24
0 30 33
9 16 22
x
5 0 35
15 30 40
11 50 43
7 3 24
10 18 9
8 82 13
12 24 22
1 37 2
0 11 22
8 96 3
7 0 18
2 11 10
7 88 27
13 61 9
13 84 36
12 50 35
9 41 41
5 99 29
15 49 1
x
3 41 14
5 35 23
x
6 63 12
14 89 31
9 0 15
8 9 34
14 33 38
7 98 29
6 16 37
14 99 19
5 93 8
3 95 22
x
6 56 32
12 92 16
11 31 36
x
7 35 19
12 67 1
x
8 92 13
12 58 6
3 73 13
6 6 40
12 14 23
7 78 6
15 0 10
12 83 4
10 76 43
x
5 58 22
x
0 65 2
14 83 9
0 38 25
8 58 20
6 27 23
2 74 26
x
0 17 29
0 8 16
12 59 6
1 99 43
4 49 4
11 26 37
15 80 10
4 24 24
x
6 36 20
2 37 29
0 43 27
1 40 2
9 43 23
12 42 28
1 4 24
11 15 15
13 5 1
2 72 30
0 31 43
11 93 17
2 98 2
15 4 28
6 85 6
0 33 37
x
8 54 35
x
x
6 29 42
10 40 30
13 65 19
7 72 28
3 58 19
5 78 40
10 88 26
x
x
x
3 19 14
8 84 0
15 99 13
11 41 3
1 64 42
4 8 34
9 93 31
15 43 23
15 89 6
4 0 27
12 22 41
8 72 42
x
13 26 16
x
4 34 42
9 19 12
14 94 42
6 51 7
x
15 72 15
15 18 24
x
x
x
2 62 6
15 37 41
11 96 15
x
11 74 25
11 5 28
x
x
10 58 18
14 11 2
6 87 39
6 8 14
13 56 31
11 36 6
2 59 17
15 40 22
5 31 14
13 96 29
12 78 12
x
x
3 33 12
14 49 38
x
12 90 18
13 77 26
9 27 3
10 83 0
14 73 36
10 65 19
5 41 33
3 53 2
5 50 41
4 54 16
1 17 43
0 24 5
5 26 16
0 7 10
14 78 11
x
4 29 7
2 79 21
6 67 16
6 42 32
12 79 3
11 28 37
1 38 33
7 18 42
1 74 31
0 23 35
14 13 41
15 66 25
13 28 22
0 79 12
10 93 35
12 72 18
12 9 19
13 49 10
5 68 14
5 97 1
9 24 18
12 96 10
1 62 36
8 80 0
15 57 21
x
8 26 44
8 70 6
9 22 23
x
14 34 29
x
2 39 31
5 89 21
x
2 94 17
1 53 37
12 0 43
x
x
11 79 29
x
x
x
15 27 1
x
13 0 24
10 45 4
0 29 42
15 32 16
11 85 1
1 15 3
13 24 6
2 42 9
x
13 44 26
15 29 43
7 57 8
12 94 18
11 58 41
x
x
12 88 35
1 21 17
x
3 77 39
2 16 38
12 20 37
9 85 7
10 24 33
0 69 37
5 5 11
5 53 40
13 14 40
3 23 17
5 63 16
13 53 32
7 40 6
0 46 37
x
5 79 1
11 62 34
5 21 31
0 97 17
1 55 3
13 74 44
0 89 4
6 45 8
x
14 86 6
2 89 43
4 99 42
14 5 31
11 18 11
9 73 15
x
4 81 1
5 34 36
12 16 30
4 66 5
6 34 13
4 78 33
3 87 17
5 84 25
x
11 0 44
7 75 21
9 3 8
15 26 32
2 26 3
1 77 13
2 45 20
10 34 17
12 47 15
14 96 1
6 91 38
1 92 38
7 67 40
13 22 15
1 87 16
7 70 26
14 56 10
3 67 40
0 90 42
10 29 33
x
14 28 21
1 9 44
8 75 11
7 97 42
2 69 35
x
9 54 42
7 62 30
x
11 21 30
14 45 25
7 90 28
7 19 5
x
14 52 2
9 60 30
11 63 8
2 54 25
6 95 24
x
2 91 40
9 51 7
1 25 20
0 48 26
4 41 15
7 93 9
12 66 4
9 97 0
4 59 14
x
3 61 9
x
3 8 10
8 88 43
12 12 27
4 11 20
x
15 62 44
13 71 7
15 46 28
x
11 72 19
11 82 20
8 41 32
7 42 11
0 56 14
6 19 34
7 14 25
12 73 0
x
8 4 37
