10 93 1
9 28 44
11 15 12
15 74 16
x
9 33 43
4 95 19
12 64 43
7 78 13
11 79 5
0 84 17
11 39 22
14 83 24
0 88 6
12 12 33
x
3 34 30
4 64 9
8 72 10
x
15 2 44
9 62 41
4 77 8
10 18 9
0 15 31
0 72 18
10 65 24
4 52 16
2 74 3
7 14 20
13 73 32
x
x
1 40 35
x
2 56 37
14 28 1
x
13 49 29
x
x
5 39 7
0 46 30
x
x
12 78 18
15 69 28
x
8 1 17
5 89 10
3 9 31
0 38 0
3 47 24
0 31 9
x
4 82 26
15 9 36
9 82 30
1 60 1
2 6 39
3 95 23
2 46 36
9 97 41
x
7 49 35
14 47 27
10 76 14
7 0 9
x
2 98 35
3 76 12
14 8 23
4 79 19
0 95 25
x
8 55 8
x
x
10 43 15
13 56 40
x
13 28 37
4 0 22
8 44 0
9 47 38
6 57 18
7 11 25
1 49 26
11 89 16
7 64 44
x
1 80 28
7 15 2
6 34 38
12 88 19
2 32 9
5 45 43
15 44 2
x
13 64 42
1 88 41
5 80 27
6 89 28
12 94 34
12 62 34
10 28 42
5 36 32
4 4 1
x
12 45 21
x
x
1 26 3
x
15 45 26
10 15 20
x
1 70 4
0 61 43
4 29 32
11 10 44
10 70 25
5 67 19
10 86 18
1 94 32
x
4 22 36
x
15 95 9
4 7 21
1 58 36
8 80 32
x
6 48 11
15 93 31
11 36 30
3 63 0
8 99 35
x
5 25 15
7 72 21
2 3 17
7 97 27
x
15 77 24
7 38 18
6 0 34
x
0 79 15
6 61 6
9 12 31
x
14 36 22
x
14 64 29
x
x
14 81 42
x
12 2 25
5 54 36
13 87 38
x
9 94 1
8 69 12
2 42 19
14 70 26
3 36 17
x
0 41 8
x
7 5 33
x
0 5 38
x
12 75 24
7 59 30
2 60 27
11 42 8
3 84 27
11 70 36
7 24 14
2 23 8
3 91 43
2 95 41
x
11 76 12
x
13 41 18
10 13 31
8 76 6
13 33 11
12 54 5
10 32 3
7 71 3
3 0 36
13 76 16
5 84 17
6 76 25
8 20 32
3 51 3
15 14 22
13 17 20
x
8 84 16
1 31 26
12 28 44
13 44 15
14 99 43
9 99 31
11 65 22
14 15 39
7 74 41
x
x
6 87 31
15 0 33
x
9 38 24
2 84 21
12 20 13
13 37 10
14 21 23
12 90 14
x
5 18 15
2 13 23
9 49 25
3 13 25
15 73 18
13 82 12
9 81 9
9 90 7
x
9 73 0
4 11 22
5 28 6
6 8 32
15 18 4
x
x
13 71 33
0 33 30
x
9 14 16
7 31 39
15 23 31
x
x
15 60 24
15 88 7
14 80 20
11 68 33
14 59 40
0 6 5
10 38 20
13 5 2
4 15 16
x
x
12 70 11
13 96 11
1 0 23
7 90 12
4 98 44
9 19 35
12 5 8
6 94 1
1 86 4
5 60 18
6 74 2
13 54 26
6 39 31
9 67 33
12 96 41
0 7 28
9 53 17
13 35 6
15 82 8
4 20 42
1 19 34
8 7 41
13 68 19
10 83 8
x
8 49 41
4 24 17
1 13 6
6 50 20
7 89 19
14 51 19
0 27 3
5 93 20
x
14 18 37
x
8 4 23
11 57 7
3 24 0
13 24 20
x
x
8 41 18
10 58 39
15 50 15
0 81 20
x
10 49 27
4 84 34
12 17 37
14 72 33
8 54 44
x
x
8 0 12
0 11 40
8 35 36
5 82 13
8 38 8
1 90 27
3 67 20
x
5 13 4
7 29 39
x
3 43 3
8 97 31
1 66 27
14 26 7
8 81 0
x
9 5 6
5 5 1
3 73 8
2 89 6
6 26 43
x
0 91 37
x
0 25 0
15 32 16
2 11 25
10 60 1
x
11 95 20
x
9 54 12
10 80 23
10 0 39
15 43 2
2 15 5
3 6 2
11 52 11
12 39 2
14 87 29
9 69 37
5 62 9
4 91 5
14 3 21
x
8 78 38
x
3 17 24
4 37 30
x
9 79 24
12 8 11
8 88 35
12 22 9
0 57 18
2 87 32
8 92 26
5 10 11
2 0 10
6 66 0
3 38 35
15 40 8
8 66 5
x
13 0 41
5 50 40
1 8 16
14 89 38
1 76 43
8 12 24
x
11 23 0
14 31 4
14 77 17
10 96 13
5 97 34
x
x
x
14 41 39
x
2 94 16
x
2 18 13
0 69 26
4 9 5
3 58 26
7 42 38
5 76 35
0 43 2
12 42 25
12 34 17
x
3 41 32
10 40 2
7 9 25
x
7 35 37
3 53 13
11 91 13
11 31 42
1 4 40
15 5 10
2 80 0
9 43 42
11 0 37
8 28 22
x
6 80 40
x
12 83 27
9 66 1
4 55 40
6 43 15
14 0 27
2 49 28
8 24 9
1 38 2
5 79 10
12 23 10
x
3 29 33
13 60 26
13 12 30
5 32 24
6 97 36
11 5 22
4 89 42
x
11 84 16
10 37 43
15 64 10
0 48 8
x
14 44 2
3 19 29
13 9 3
1 22 39
9 39 6
10 81 7
1 37 6
x
4 62 23
0 28 19
6 12 29
1 33 21
9 57 19
1 92 33
2 27 34
13 79 34
10 24 21
12 87 3
15 54 34
4 45 8
8 16 21
15 84 0
6 31 2
7 81 29
x
2 47 38
12 53 4
6 4 2
2 52 2
3 3 36
8 6 23
7 86 11
x
1 16 12
10 45 38
5 71 30
0 20 13
6 71 27
x
4 41 13
14 12 22
3 50 20
x
4 50 28
8 63 14
x
14 38 42
1 47 44
11 18 3
9 24 29
14 57 41
x
x
1 75 40
x
9 37 36
6 6 21
x
6 17 12
5 0 2
x
11 75 11
x
11 47 31
10 53 5
2 78 14
3 89 33
14 68 30
x
12 55 29
0 74 41
3 79 1
9 75 28
x
1 81 14
3 65 39
2 34 3
9 72 9
5 57 35
5 56 10
x
12 81 29
8 33 14
x
1 28 11
14 25 44
14 53 11
7 69 43
x
4 60 36
12 74 34
9 87 39
15 57 43
10 79 10
x
1 78 7
8 90 8
x
13 92 37
10 91 31
8 9 30
2 65 36
6 21 40
8 56 7
7 19 23
x
7 94 26
3 5 19
x
12 29 6
13 26 28
9 21 10
9 9 44
13 52 43
15 86 1
12 50 12
11 28 17
4 48 39
7 54 4
x
1 99 23
5 72 13
x
2 39 32
0 65 34
0 0 15
x
0 52 42
15 7 44
12 59 29
2 30 22
15 28 14
1 44 30
9 0 5
x
10 9 24
x
6 83 5
5 22 38
1 62 35
7 46 17
x
8 58 44
4 73 35
x
2 62 35
8 46 32
12 92 12
6 54 17
2 36 12
4 69 3
4 39 31
13 22 5
12 66 22
x
1 55 23
2 28 15
x
2 70 7
12 0 18
10 5 28
14 94 14
8 50 29
x
2 91 24
x
13 15 25
4 34 5
0 39 40
x
15 36 14
x
x
x
10 75 7
11 61 34
