11 21 42
12 69 6
2 24 12
6 17 3
2 94 4
6 58 3
13 79 41
1 25 10
8 45 33
15 88 43
12 10 19
13 10 14
x
15 3 11
12 44 34
2 11 39
10 70 42
x
4 67 9
14 60 1
11 79 13
13 56 43
13 67 17
13 49 10
13 28 0
11 41 17
8 24 14
10 24 32
5 17 40
11 63 20
14 3 40
x
11 57 40
0 32 44
x
12 25 27
2 26 44
x
1 28 20
7 59 26
x
6 34 35
8 54 30
x
8 56 13
x
6 89 41
8 7 26
10 79 6
14 86 33
7 0 9
14 99 33
1 37 11
15 16 23
1 55 12
15 81 13
x
11 72 35
0 7 12
3 25 25
13 0 16
13 83 44
12 39 0
x
3 95 35
5 21 42
15 93 27
10 27 24
12 77 43
13 23 31
15 35 1
3 77 41
x
9 78 37
2 67 24
1 46 23
x
3 65 30
10 96 7
x
14 53 10
x
x
3 50 3
x
x
2 29 9
0 27 27
6 31 42
2 62 33
12 29 18
14 17 38
2 57 29
14 64 3
14 97 5
1 35 9
8 30 9
x
7 92 32
3 53 26
7 32 33
0 18 22
14 81 22
5 84 40
x
0 20 21
4 53 23
1 3 21
0 99 16
5 45 8
11 31 12
15 53 15
11 34 23
4 93 41
6 20 21
11 85 17
8 87 14
6 45 13
0 86 1
7 35 39
x
11 0 20
x
10 61 16
x
0 71 17
13 93 19
x
2 6 1
0 0 5
x
x
x
11 64 44
x
11 82 14
0 41 26
12 94 39
8 0 37
4 35 19
12 19 16
x
2 0 19
1 49 22
13 88 9
9 59 16
1 75 40
10 68 29
6 98 33
2 52 40
14 42 6
5 97 27
x
1 90 42
3 42 30
1 65 34
5 61 10
x
2 49 28
5 58 15
2 88 13
13 5 32
14 33 21
13 64 5
8 35 15
x
5 90 21
x
9 75 29
x
9 13 18
10 49 6
13 98 38
11 42 36
x
x
11 5 5
8 82 20
x
5 85 12
x
10 18 33
7 40 19
1 72 40
5 50 33
14 38 1
11 25 23
10 71 30
5 39 22
x
x
x
7 31 3
9 43 19
9 63 0
14 6 15
9 38 29
0 66 15
4 86 35
5 5 14
x
11 87 10
x
9 47 3
0 74 12
5 42 29
x
9 34 30
15 80 28
10 67 42
3 48 18
4 17 34
7 75 40
4 29 30
x
0 38 9
2 81 18
9 90 7
8 55 32
11 38 1
15 78 6
13 74 7
6 13 14
11 59 36
11 98 3
10 83 39
15 40 21
14 34 39
11 94 18
x
14 69 19
13 82 15
9 30 43
11 55 11
8 70 14
5 25 24
x
x
1 40 25
0 36 30
x
7 20 13
x
7 54 28
9 8 28
9 5 36
12 64 39
3 67 38
1 0 16
10 32 11
6 93 23
x
x
15 70 7
10 93 42
13 97 31
15 18 22
x
3 30 18
15 45 42
4 8 10
13 13 26
4 76 13
x
0 16 5
5 81 9
4 50 7
10 0 25
2 74 27
3 92 31
11 91 9
14 59 23
8 9 5
15 6 42
3 81 17
4 20 0
9 64 5
12 42 24
4 42 23
5 1 13
7 28 15
x
x
12 59 24
14 30 6
x
2 95 11
15 67 31
9 95 25
x
6 39 4
6 6 42
15 96 23
12 92 30
14 14 11
x
11 18 20
1 31 34
12 49 39
10 8 38
13 47 41
1 98 19
9 83 10
x
3 21 5
x
7 49 43
5 9 11
5 64 37
3 7 12
0 61 36
x
x
1 84 8
1 45 2
4 4 36
x
10 94 14
0 48 13
9 24 44
6 0 32
13 59 12
1 93 23
x
9 26 1
8 37 37
8 99 24
x
9 99 9
14 61 31
2 37 34
15 84 4
12 5 37
1 58 38
2 98 6
9 54 20
15 0 29
5 13 4
x
8 89 6
14 44 24
12 14 20
8 15 0
x
x
11 92 25
11 28 24
8 48 26
8 58 42
10 92 44
1 62 2
x
7 44 41
15 29 43
7 79 0
9 51 36
15 24 38
x
3 10 22
x
x
x
1 99 28
15 60 21
10 14 7
8 63 22
x
x
0 98 37
14 89 16
6 87 4
0 11 39
x
15 32 2
5 53 30
7 17 37
2 3 8
4 64 20
13 54 25
9 0 26
1 6 36
12 54 44
8 2 20
2 46 42
13 84 29
4 43 22
2 90 31
8 49 3
12 74 17
10 75 44
14 21 7
x
4 59 24
12 96 13
2 16 19
11 68 10
11 99 25
4 0 6
2 76 8
0 24 13
6 66 9
8 65 8
x
x
6 68 15
3 0 34
x
x
8 13 18
15 57 14
13 62 11
x
10 53 27
3 73 15
4 55 1
x
13 36 24
9 86 35
3 38 0
7 88 27
x
7 4 29
12 62 30
1 16 5
9 22 29
11 50 8
8 97 11
5 72 7
x
1 22 31
6 50 12
14 77 28
9 73 27
9 88 26
6 53 44
0 2 18
x
x
x
9 66 42
7 64 3
x
x
6 8 38
10 40 4
4 41 7
14 48 30
13 17 3
8 92 39
15 13 21
10 87 40
x
10 10 26
1 69 19
13 69 6
x
x
x
1 19 21
7 23 16
14 93 2
4 71 32
x
12 90 8
12 85 31
6 41 8
10 69 16
3 19 26
8 42 2
6 71 5
4 38 18
11 36 37
10 56 19
x
x
11 54 4
10 66 41
5 34 36
11 23 30
8 88 40
8 84 44
7 61 16
x
13 20 22
1 53 1
4 12 37
3 85 41
x
12 16 11
2 43 20
14 18 20
x
6 29 40
x
5 29 25
x
x
10 3 2
0 43 35
3 46 14
8 77 23
13 33 17
7 99 0
3 3 37
x
3 36 13
5 0 34
7 9 22
4 90 38
1 13 32
1 47 17
0 52 0
12 34 32
7 83 31
15 22 44
10 37 29
10 98 23
4 45 25
3 88 21
2 19 38
0 90 4
x
7 22 20
x
0 9 20
x
x
11 60 32
8 41 26
12 88 21
4 84 11
x
15 74 15
0 83 28
x
7 13 2
11 15 18
10 45 5
13 25 2
x
9 20 34
0 95 3
x
9 70 34
3 62 4
x
x
x
12 98 7
3 15 13
6 76 24
1 79 28
2 42 6
x
13 44 14
2 13 0
11 35 12
7 67 17
15 62 28
11 77 14
7 95 19
9 17 40
15 38 31
6 81 44
4 24 38
11 47 4
14 0 43
12 0 41
7 97 10
x
12 21 18
8 29 26
14 56 28
5 93 34
2 32 17
4 80 43
0 78 6
2 72 4
8 79 21
14 19 26
14 74 27
3 32 9
8 72 33
x
11 43 0
4 32 31
6 83 2
7 72 4
x
1 87 35
0 8 0
0 56 8
5 77 23
13 70 43
15 42 25
15 50 0
x
14 24 36
x
6 62 37
9 41 3
7 81 20
3 58 43
2 83 6
1 10 10
x
6 25 10
5 69 35
x
12 81 1
15 9 34
13 40 27
x
13 94 36
4 98 29
14 28 26
13 71 31
1 24 32
14 9 15
8 20 17
11 10 15
x
9 40 32
11 20 23
x
