12 9 7
x
0 1 4
x
9 90 8
3 88 33
x
7 29 44
2 87 29
3 95 39
8 87 36
12 28 19
6 34 24
x
8 93 1
x
10 0 2
14 12 11
x
x
14 49 11
x
12 7 28
1 30 6
14 4 14
15 58 39
8 48 29
x
x
1 3 5
x
15 63 16
12 69 26
2 40 44
1 72 0
x
11 14 27
1 55 32
9 66 43
x
5 17 10
7 91 29
12 68 10
7 96 21
x
1 62 7
10 74 3
11 18 4
1 97 0
14 33 5
2 36 41
8 92 0
8 4 23
5 1 6
7 68 11
x
x
14 17 20
1 28 15
9 26 41
14 36 3
0 0 13
x
14 66 15
4 11 13
5 34 10
13 79 30
7 17 9
9 15 5
13 89 8
10 57 20
x
5 66 33
x
2 31 32
7 6 39
0 59 15
x
x
12 45 14
5 31 22
0 3 0
x
9 47 36
14 73 23
14 81 25
3 75 18
x
9 45 44
13 34 2
x
8 99 18
x
8 77 7
4 64 12
0 28 43
x
x
10 40 43
1 15 31
4 70 44
3 23 6
13 73 35
3 65 36
3 73 6
4 48 16
6 3 5
4 82 34
5 87 44
x
12 60 18
0 37 38
7 9 9
12 17 17
11 88 42
3 92 27
2 49 5
5 26 24
1 50 13
2 63 38
4 72 18
2 95 1
13 91 33
x
x
x
8 7 44
5 61 23
3 67 43
4 89 19
9 43 44
x
4 95 7
x
14 0 4
12 63 0
11 69 4
11 1 16
11 19 16
14 78 15
14 61 23
10 54 12
9 81 3
15 48 30
12 49 34
6 71 17
10 78 8
2 50 37
0 74 37
6 77 41
3 50 11
x
0 80 31
13 52 29
10 25 4
15 59 42
5 74 12
1 92 43
x
15 93 8
3 82 39
5 39 6
5 99 23
6 92 36
x
8 53 41
7 7 19
12 59 20
14 70 10
1 40 23
9 61 33
15 96 39
15 81 3
2 30 28
9 35 11
12 11 43
1 41 22
14 28 13
14 44 40
9 69 31
10 87 17
15 36 9
6 53 33
1 66 40
15 78 30
8 39 39
x
0 43 13
7 39 14
x
12 98 42
8 12 20
x
x
8 38 21
5 84 26
6 1 35
12 71 16
4 52 11
x
15 84 31
9 19 44
1 4 44
x
x
x
x
6 25 22
11 28 14
8 74 25
7 47 43
14 41 29
9 96 26
x
6 47 39
x
4 91 14
2 3 28
1 29 2
2 92 31
15 9 17
10 96 44
9 31 0
0 11 0
x
1 19 14
4 46 39
11 38 39
11 57 9
x
11 71 3
11 70 19
13 7 15
0 26 29
6 76 11
5 88 14
14 94 22
6 29 38
x
11 43 5
4 25 28
x
15 3 34
15 26 5
7 63 10
1 94 20
11 29 2
x
13 22 40
5 5 26
15 21 38
15 32 32
10 37 2
11 34 2
8 3 34
7 38 1
x
1 9 9
3 86 42
x
11 21 28
x
13 59 12
x
0 63 14
0 8 9
1 84 37
12 80 42
3 84 27
x
3 38 1
2 0 43
6 21 20
14 64 30
8 15 35
x
4 45 30
1 46 23
2 2 31
10 7 36
9 49 4
7 58 40
4 56 9
5 58 42
1 69 0
6 6 30
0 20 35
10 4 38
3 45 1
1 65 9
10 49 23
7 55 21
1 23 41
11 76 42
9 5 16
10 18 25
9 0 19
15 52 6
13 68 39
10 68 9
6 46 37
4 24 21
9 2 12
15 73 26
8 44 8
8 28 42
4 30 26
1 35 5
13 39 29
8 84 37
6 59 8
11 42 44
8 60 13
2 84 12
2 1 29
8 31 43
2 8 2
8 10 20
10 84 21
11 45 43
2 51 27
5 94 4
x
13 0 38
x
3 31 2
5 81 37
x
1 14 15
x
3 59 29
5 77 16
9 52 10
5 14 8
x
1 79 23
10 9 40
4 59 27
3 10 14
14 59 18
9 8 28
x
x
13 44 34
4 6 40
8 21 18
x
2 16 32
13 2 13
15 57 37
15 75 43
x
6 10 34
9 24 38
6 57 6
0 48 10
2 79 13
4 85 32
9 91 25
0 65 41
2 11 18
0 95 20
2 22 30
6 19 37
3 3 24
6 8 26
x
11 25 19
0 91 5
13 18 21
x
15 68 12
x
2 23 1
5 69 1
4 16 13
9 75 17
7 26 37
5 93 2
x
7 51 31
11 61 7
12 36 19
x
2 57 20
x
0 82 32
8 23 15
3 0 25
7 22 19
x
10 62 27
0 55 35
15 88 4
x
12 76 10
3 36 23
x
x
x
5 45 20
0 12 30
1 57 13
14 9 6
14 85 13
4 3 24
11 47 32
12 66 2
14 31 35
0 34 37
14 29 37
7 13 42
x
14 52 27
x
x
13 11 26
3 19 37
9 57 27
6 38 31
0 86 25
11 83 43
3 21 31
13 15 31
11 79 24
x
10 83 36
5 21 34
5 9 19
13 87 3
10 51 7
x
7 0 7
0 41 15
13 95 24
11 52 11
3 13 40
4 19 37
x
6 64 26
15 90 2
x
8 72 16
4 65 23
13 63 26
14 99 1
15 11 0
9 12 32
x
5 51 3
x
9 78 12
x
0 92 1
10 67 36
7 37 9
8 35 38
0 54 40
7 48 42
x
12 85 3
7 76 6
2 90 39
10 24 0
0 17 38
8 62 5
12 92 26
10 29 30
7 1 8
7 59 12
5 97 36
4 80 38
8 66 33
x
10 60 23
8 14 13
11 0 36
7 87 3
15 1 34
x
0 23 23
2 76 10
7 10 14
4 0 8
x
13 29 20
9 39 18
8 82 17
3 42 34
1 0 44
10 61 26
0 30 16
x
14 91 42
9 84 22
7 31 35
5 0 36
4 35 4
6 88 32
6 82 1
x
13 56 17
x
15 41 21
11 68 19
x
8 11 23
7 83 15
8 0 27
12 33 26
12 90 28
2 26 21
14 22 12
12 54 22
x
8 58 3
x
1 87 7
6 42 28
15 16 24
10 31 24
x
4 41 29
7 71 18
13 28 17
0 52 23
5 82 41
10 1 29
1 49 34
8 43 43
4 42 32
12 31 1
6 49 38
0 70 1
6 0 2
5 47 39
12 93 39
15 85 28
10 93 34
8 6 42
7 81 1
4 77 6
x
x
8 75 4
x
4 93 3
x
7 35 24
15 33 19
x
x
2 62 8
11 2 22
3 54 35
12 0 42
2 56 40
x
6 95 25
3 53 0
x
12 14 44
8 19 43
2 74 16
14 56 12
x
12 83 40
7 42 28
12 5 38
x
5 54 21
8 9 39
3 39 17
3 27 15
2 68 30
3 78 14
x
3 58 10
x
x
15 45 33
11 93 13
2 17 18
13 82 32
11 96 37
2 13 5
10 70 16
x
0 76 36
13 49 17
1 74 5
10 43 11
1 75 36
14 3 23
6 68 35
11 11 40
12 26 5
12 42 25
11 80 36
11 7 8
4 29 35
3 25 4
6 15 0
10 12 33
x
12 3 21
3 6 21
14 75 27
7 56 44
2 44 14
x
6 84 30
x
14 67 28
7 4 16
13 25 11
14 88 25
10 92 15
x
x
x
12 96 27
x
15 0 3
12 22 33
