0 94 8
6 79 23
0 8 20
0 74 0
3 19 2
9 58 27
x
1 25 32
2 45 23
x
2 86 23
15 32 0
x
15 41 30
14 58 9
4 89 12
15 55 0
0 77 14
2 23 4
10 11 43
11 72 39
x
x
1 49 6
2 2 43
2 99 10
x
x
13 70 5
2 19 15
6 39 20
10 25 5
6 57 27
x
3 16 1
4 46 28
x
12 10 3
x
x
3 75 36
13 95 35
4 45 7
8 22 6
3 48 12
6 54 42
14 92 16
10 49 21
11 81 33
13 35 16
4 19 32
13 79 0
15 98 20
9 75 19
1 84 16
10 0 8
14 77 40
7 65 40
5 2 13
6 0 22
0 68 29
15 64 41
4 82 2
5 93 1
5 9 6
0 25 33
7 31 30
14 82 32
x
8 6 12
15 65 10
x
1 8 34
x
x
3 88 8
1 66 26
4 43 39
4 29 24
7 48 31
2 20 38
4 69 24
x
3 50 40
13 8 16
x
9 20 3
x
6 76 36
5 78 11
0 82 22
1 99 8
7 3 29
5 68 2
2 56 14
7 78 16
x
4 24 38
0 14 24
14 13 16
8 49 37
1 87 44
4 95 38
8 0 37
x
11 5 44
15 22 36
9 90 36
8 58 38
6 70 16
5 97 13
8 14 8
2 63 40
15 75 30
7 93 38
12 42 26
0 41 21
12 12 40
x
7 88 0
2 51 14
x
1 80 37
3 89 9
5 73 7
6 97 15
8 97 5
x
4 84 7
7 85 2
x
4 81 8
10 12 21
12 31 11
11 15 25
12 38 41
13 26 8
14 1 8
x
0 65 25
9 51 30
13 10 34
3 58 10
x
4 3 3
1 16 17
7 37 19
13 17 8
12 58 19
2 30 7
8 31 14
0 22 34
10 83 22
15 5 32
8 79 25
12 4 2
x
1 4 13
2 27 42
6 84 43
7 57 22
8 63 28
10 24 2
3 54 23
9 98 41
4 54 19
2 0 18
5 39 0
10 79 8
2 13 8
x
8 40 31
5 85 12
9 68 43
x
x
6 87 28
7 36 7
10 70 9
7 10 1
11 0 27
9 69 44
3 27 13
11 12 35
11 75 0
11 84 14
10 55 33
11 92 2
8 60 23
x
13 4 23
9 5 1
2 62 12
4 12 10
3 44 37
4 0 14
8 38 8
12 26 25
12 34 38
12 60 32
14 5 19
13 22 2
5 17 2
10 3 36
1 62 43
6 9 40
15 9 30
7 44 38
13 80 40
13 16 40
8 59 41
x
x
x
4 67 34
12 98 7
13 93 5
5 49 6
6 34 26
0 37 40
9 81 31
10 7 20
1 35 17
x
11 68 26
0 0 26
5 0 22
x
6 23 35
14 0 5
x
6 6 19
2 57 21
7 16 31
8 96 15
x
15 1 18
x
15 93 35
10 68 12
11 88 12
0 98 4
x
12 78 37
9 10 19
10 41 30
12 49 42
13 81 5
11 33 41
x
1 20 6
12 94 5
1 6 17
14 31 37
2 71 12
7 35 30
1 0 44
11 53 27
x
x
9 1 15
13 49 42
12 17 18
x
14 51 9
4 41 43
15 85 34
15 51 32
0 96 21
1 75 12
8 21 17
0 50 33
x
13 13 1
3 31 20
3 79 24
14 4 7
x
1 30 42
4 25 31
1 31 10
3 63 39
4 16 8
2 74 38
8 11 24
5 37 3
7 24 15
x
x
5 67 42
7 98 11
0 46 12
2 67 9
3 45 1
3 85 13
8 52 25
7 70 20
5 31 4
x
13 33 23
10 40 14
14 3 20
10 75 5
1 28 8
6 62 37
14 10 37
3 95 41
15 18 39
15 35 34
0 43 17
9 15 39
12 90 19
7 80 14
4 75 40
8 99 0
9 38 21
5 22 20
x
3 82 0
x
10 90 11
10 20 22
1 90 8
x
7 53 28
13 74 5
11 18 14
12 64 12
6 8 15
2 49 21
11 28 15
6 35 41
11 19 29
13 28 5
14 29 19
6 46 19
11 24 8
5 25 36
x
4 58 1
5 87 3
7 63 17
2 14 10
x
12 73 23
x
9 25 18
12 88 40
9 43 7
12 87 40
9 33 6
10 60 6
13 43 44
10 18 39
14 96 7
15 80 39
x
14 70 34
12 21 33
x
13 31 7
11 36 19
13 15 0
0 62 0
14 35 13
x
14 6 18
7 18 15
10 78 38
8 75 6
3 61 39
14 22 27
x
15 15 9
13 38 34
9 48 37
11 69 25
4 91 23
15 40 5
0 17 28
6 19 36
14 17 27
5 55 6
12 92 13
15 24 11
14 64 14
1 57 42
13 65 44
x
0 4 27
14 89 13
x
12 0 22
13 56 34
0 29 21
x
1 34 12
x
x
13 1 23
x
2 40 17
x
5 14 19
7 75 33
12 46 41
x
0 60 36
1 55 20
15 28 20
1 46 20
5 45 41
8 72 0
x
3 6 25
8 26 37
3 10 31
9 93 13
11 49 17
14 47 44
15 46 1
1 11 34
5 60 6
15 72 30
9 66 33
x
10 30 18
12 68 28
2 94 35
5 35 22
9 83 3
6 42 41
2 72 39
3 36 39
1 40 31
4 35 9
8 33 24
x
6 51 42
4 8 4
6 27 11
x
3 73 25
15 10 29
10 50 35
7 87 25
x
x
1 70 29
x
x
6 59 24
5 40 10
2 64 35
6 78 3
7 52 39
6 30 43
9 24 30
7 28 24
x
0 90 26
14 65 36
0 12 44
8 5 23
7 7 29
4 50 16
10 33 2
x
x
8 17 38
9 36 17
4 65 17
x
x
4 74 24
8 85 26
0 11 40
x
x
3 47 13
6 94 10
11 9 21
x
8 68 43
12 33 44
5 62 17
9 62 3
9 67 38
9 7 3
4 60 12
x
x
10 31 12
15 57 25
6 11 26
6 16 14
7 15 21
13 60 2
8 1 1
13 58 42
2 7 0
7 41 13
8 84 32
3 2 41
5 91 37
10 99 16
5 84 6
13 18 43
7 0 41
3 20 10
5 54 14
1 95 15
9 53 1
8 44 30
9 79 27
14 87 30
x
10 63 31
10 85 3
11 58 4
14 53 18
15 68 4
6 99 33
x
10 89 40
12 8 3
15 54 26
10 96 33
0 64 11
11 91 37
11 79 7
13 6 14
2 90 29
x
5 5 18
2 82 42
5 29 15
14 74 28
3 14 35
14 99 39
6 92 18
7 72 38
15 84 14
x
x
9 0 30
x
x
12 96 30
0 34 22
x
x
7 27 41
11 44 5
13 90 32
x
15 0 12
14 42 33
8 86 36
1 45 34
15 44 40
0 57 44
0 48 42
x
x
9 86 43
15 91 34
2 35 7
x
1 89 3
8 92 5
4 94 2
5 94 13
15 60 16
2 77 24
3 23 31
9 28 18
14 28 19
5 6 31
x
10 57 10
x
x
3 67 24
7 59 22
11 41 25
10 44 15
7 82 5
12 54 38
x
4 64 0
0 52 30
14 38 39
13 0 32
0 87 26
x
12 44 3
1 77 19
9 95 19
x
11 90 0
0 32 28
11 96 26
3 39 11
x
10 34 32
2 9 18
11 63 3
9 77 12
4 31 33
6 66 14
13 86 43
15 88 26
4 78 13
3 0 2
13 53 42
x
x
x
7 20 4
x
10 37 0
10 2 32
8 51 12
12 83 26
