10 37 23
6 46 3
12 42 18
x
8 86 27
6 71 40
1 56 29
7 66 22
4 41 10
2 86 44
3 68 38
10 0 30
x
8 25 17
11 71 20
7 75 30
x
11 12 27
7 87 44
x
14 49 11
5 13 20
1 59 33
12 79 10
0 77 22
13 81 8
9 84 36
13 1 38
7 25 1
x
x
1 6 43
7 77 34
13 13 21
10 90 0
0 82 11
3 58 35
x
9 62 17
11 41 41
7 96 17
8 78 21
6 6 7
9 91 28
11 28 23
10 45 32
10 71 36
12 90 27
12 76 22
x
10 66 1
11 31 28
x
x
x
5 16 43
1 49 27
15 0 40
9 48 44
14 75 20
2 32 9
5 39 3
12 60 18
2 49 41
8 66 39
11 62 11
11 93 41
14 35 22
5 24 10
5 93 16
x
4 11 41
x
x
x
14 29 39
13 89 32
1 86 34
4 2 21
5 40 43
0 24 30
x
x
13 49 13
15 19 11
4 19 27
13 42 44
x
14 31 33
5 95 11
1 77 17
10 99 27
0 31 31
10 18 6
4 45 15
2 20 8
x
x
1 40 26
4 96 26
11 0 16
x
x
0 48 32
7 12 6
2 64 2
2 51 10
x
2 14 12
5 8 23
x
5 84 25
13 0 39
0 35 35
5 33 38
3 81 34
8 92 20
10 77 38
3 38 10
x
1 34 0
8 93 28
3 85 13
x
13 69 40
x
13 17 13
11 7 6
4 87 22
12 0 17
x
5 5 2
3 25 14
8 61 11
10 88 42
x
10 96 2
6 76 30
9 24 3
x
x
10 32 44
6 27 2
4 31 14
7 91 31
8 87 3
0 15 0
4 75 24
3 19 21
2 53 1
7 73 2
12 2 15
6 98 42
2 26 41
13 82 25
13 93 7
x
x
x
15 76 24
5 6 34
7 52 6
5 47 32
8 37 24
6 87 1
x
0 0 15
2 50 10
10 11 15
7 41 7
2 15 5
14 71 17
10 97 44
10 70 39
x
2 5 44
3 13 5
x
2 81 21
15 32 34
3 95 8
2 68 12
1 15 44
6 60 35
x
14 10 34
7 1 32
6 89 42
9 75 0
8 0 25
11 81 1
10 51 18
3 3 16
x
x
10 3 41
15 9 15
5 55 16
2 37 27
2 22 29
0 2 2
12 14 4
5 87 14
1 11 30
x
x
8 24 10
12 96 38
8 32 43
4 29 13
x
15 53 11
x
x
11 87 38
5 76 40
0 54 7
x
3 65 10
11 24 13
11 69 17
x
10 58 33
5 46 28
6 0 29
13 51 18
1 1 4
4 71 8
1 63 5
x
3 76 23
0 41 20
0 64 2
8 84 13
x
8 74 26
0 60 21
6 51 13
2 8 32
x
1 98 5
15 74 4
x
4 35 33
5 78 27
3 73 10
12 36 40
1 67 6
3 5 42
x
11 48 28
4 30 24
9 78 16
0 56 18
1 55 7
5 54 7
9 38 25
7 57 36
9 5 25
x
14 59 23
1 28 39
x
4 15 42
4 53 0
1 87 12
5 18 9
2 2 37
2 62 10
8 72 18
9 90 1
7 15 13
x
x
6 38 18
4 24 41
10 40 34
7 32 7
2 0 15
11 29 24
9 0 18
11 68 3
x
3 42 35
13 86 41
2 13 24
15 37 13
13 45 24
12 32 1
x
x
14 3 28
3 53 17
3 83 16
9 66 26
14 93 42
10 49 32
12 72 16
12 5 5
10 6 43
7 19 29
5 0 22
5 73 15
8 2 7
3 45 31
13 61 29
5 28 36
13 4 14
0 90 3
0 74 6
7 20 37
5 2 37
14 0 19
9 20 38
4 79 37
0 27 12
8 40 29
x
2 78 40
x
5 49 1
15 5 26
10 83 35
x
x
9 16 35
12 57 26
11 32 39
9 45 15
2 44 11
x
6 1 16
7 7 21
6 30 6
x
12 52 36
12 22 7
x
6 68 19
8 43 19
1 23 20
1 90 32
3 30 39
12 62 41
6 12 24
x
15 89 10
1 82 13
x
x
x
6 55 9
5 60 5
15 84 35
4 9 38
4 92 29
2 95 31
8 4 36
6 93 23
x
x
12 44 5
x
7 68 15
x
12 10 43
15 70 38
12 58 6
3 50 34
7 62 41
2 46 40
11 57 12
x
2 58 20
7 47 8
7 4 11
x
x
8 99 41
0 95 18
12 18 34
3 8 37
x
0 52 33
14 23 25
x
8 10 33
x
15 21 7
12 25 31
7 35 35
x
x
x
6 24 5
6 42 43
9 53 33
0 11 25
9 26 42
12 66 39
x
11 43 25
15 79 20
4 55 19
x
8 58 30
x
x
x
5 21 39
1 32 4
14 45 8
x
8 33 34
5 69 7
9 57 1
0 43 8
4 77 5
0 86 29
1 19 25
8 19 19
0 19 42
0 49 15
2 75 23
14 28 40
3 21 34
3 67 41
15 48 39
8 14 11
15 64 22
12 69 30
x
5 1 8
4 95 17
10 24 4
9 11 16
9 95 34
2 91 4
x
15 24 43
15 45 42
x
14 6 14
1 72 33
4 4 31
5 48 8
13 8 14
6 21 37
0 68 0
7 29 40
x
10 63 26
6 17 4
15 97 2
11 56 14
9 44 33
9 54 23
3 4 7
15 28 29
6 63 30
5 65 9
12 84 26
9 46 43
2 1 30
10 92 3
x
9 43 18
8 30 24
1 95 27
9 49 44
13 40 19
11 76 22
x
15 40 30
8 29 42
x
7 3 41
x
1 4 37
7 0 35
x
10 8 12
x
6 77 14
2 19 8
9 69 28
10 29 17
15 57 8
x
13 97 26
5 45 44
x
14 66 21
12 92 13
13 64 2
12 29 44
x
11 2 9
x
x
10 75 26
x
10 62 28
6 34 19
14 5 13
2 74 7
7 70 26
x
11 18 43
13 29 36
1 62 13
15 66 37
1 43 3
13 18 15
4 65 34
14 64 31
11 53 19
13 32 22
9 80 24
7 42 12
10 53 14
11 96 15
x
4 46 13
14 99 3
x
10 35 6
7 16 43
15 58 23
11 55 5
x
13 79 38
11 83 7
2 29 34
3 36 32
15 11 28
10 41 8
6 80 29
12 12 2
8 9 22
9 3 7
14 56 36
1 0 32
x
4 0 43
4 76 24
x
9 31 6
x
12 49 24
14 88 27
13 56 8
3 51 30
15 59 3
9 35 20
x
x
x
3 89 0
13 28 40
14 8 6
0 3 32
6 8 19
x
2 41 29
14 80 10
4 85 19
14 83 41
x
x
14 52 0
7 14 7
3 0 32
4 67 30
15 92 9
x
4 58 28
14 30 25
x
10 43 39
1 92 37
13 37 23
x
7 79 32
8 53 2
8 63 20
6 83 28
x
9 7 21
3 61 43
4 64 44
14 40 9
8 45 22
1 89 12
1 83 9
14 68 29
11 79 30
7 84 15
11 21 23
8 49 17
8 28 2
x
x
11 36 40
x
4 51 31
11 89 18
15 86 19
14 33 32
13 23 16
15 15 27
14 19 19
x
7 38 24
7 71 26
6 10 33
10 14 31
1 3 18
14 14 38
13 74 37
4 80 43
6 58 25
x
14 4 44
0 6 4
