8 11 30
1 55 44
x
6 23 1
10 94 31
10 18 11
8 67 8
11 5 36
5 0 6
4 64 6
3 38 35
x
1 87 33
x
2 26 21
5 74 28
x
5 17 39
15 62 9
15 39 34
x
13 19 16
x
13 14 19
15 42 25
5 98 21
3 58 35
4 37 4
7 43 12
12 52 14
x
2 84 30
8 72 1
10 0 12
14 0 13
5 56 41
14 57 25
6 43 3
13 7 31
x
7 35 42
3 42 22
8 70 7
x
4 22 32
x
11 23 25
3 36 37
x
x
11 48 7
4 62 44
4 84 27
12 92 34
2 89 36
x
8 50 4
15 88 38
5 36 44
11 79 0
0 19 31
14 62 31
1 45 19
x
3 21 42
8 78 22
13 22 25
1 91 39
10 8 16
9 21 20
11 18 18
1 49 13
6 13 27
2 94 40
4 54 35
10 16 26
0 68 42
11 16 39
5 70 30
x
11 42 23
13 61 40
x
3 88 7
10 37 40
13 40 43
2 69 17
x
x
x
10 57 6
2 63 25
14 33 1
14 43 10
13 96 39
1 62 31
10 89 34
x
x
1 10 22
1 69 12
x
15 51 5
10 22 43
x
0 3 6
11 73 22
11 39 38
x
4 0 9
12 10 30
x
3 65 23
13 56 21
8 45 34
2 22 26
13 44 18
x
12 63 42
9 50 29
3 5 33
11 55 38
8 58 24
0 30 32
8 0 10
4 17 32
2 24 12
x
x
x
4 24 6
9 99 17
8 37 33
6 71 37
14 60 40
11 28 15
14 99 30
x
1 25 13
0 83 12
4 5 2
2 55 7
6 16 9
14 68 27
6 8 36
6 67 22
13 10 38
14 92 26
11 93 43
7 62 28
x
7 96 15
4 98 6
14 37 35
1 2 40
12 34 41
x
15 66 34
4 41 43
3 0 3
0 81 30
10 40 24
x
12 72 20
5 22 11
6 0 2
x
13 53 44
11 52 35
x
x
x
15 47 21
5 16 19
9 0 32
2 49 11
0 95 27
5 15 21
12 42 13
5 93 2
11 34 14
8 21 42
14 81 11
4 72 20
2 34 43
x
3 15 18
6 45 16
x
x
11 63 3
7 94 21
x
5 32 35
8 82 23
14 48 10
12 61 4
x
15 16 2
13 49 12
13 54 36
6 86 0
x
7 75 40
7 39 16
11 75 22
x
7 71 9
7 33 44
x
13 71 18
2 58 40
0 11 23
15 32 34
x
x
7 31 17
8 28 24
0 18 23
8 42 39
4 87 29
x
2 42 15
6 4 19
12 88 0
13 3 8
13 89 27
x
5 76 1
x
1 75 28
0 50 36
8 33 38
0 48 33
12 53 14
14 16 9
7 12 35
x
0 63 36
x
x
15 40 36
7 0 26
8 13 8
10 30 31
12 13 31
x
x
x
11 84 8
x
10 81 1
6 29 22
0 57 0
14 96 37
6 99 16
4 7 4
5 24 26
x
x
10 12 29
6 34 44
x
x
1 0 42
8 9 27
6 26 31
14 40 37
1 28 19
1 37 12
8 99 24
2 25 38
5 60 36
x
8 74 13
10 45 22
3 56 29
6 73 30
x
x
x
11 77 1
0 43 41
14 13 25
3 53 12
2 37 20
3 78 34
11 45 3
x
5 29 6
0 0 25
2 72 35
9 56 37
x
6 64 37
7 83 38
6 62 26
12 96 44
15 77 37
x
7 99 8
9 55 12
4 75 18
15 23 20
8 62 25
x
7 89 4
7 16 41
7 57 14
12 75 19
14 87 24
8 66 21
13 97 20
15 5 33
15 30 17
x
12 31 26
x
9 71 3
15 73 7
1 40 32
8 84 7
9 35 4
x
2 38 25
x
5 37 10
11 12 44
0 41 44
x
x
10 72 4
1 64 5
9 60 19
9 63 20
13 66 11
15 35 16
x
x
1 80 19
4 29 8
8 5 1
x
0 86 39
11 95 12
3 19 38
9 13 32
15 82 36
3 95 17
3 63 26
12 49 43
10 27 13
5 5 9
3 92 29
3 90 10
2 78 23
x
7 50 16
15 57 28
13 84 37
x
0 35 44
12 90 32
4 11 2
3 85 44
5 72 40
5 52 23
x
1 47 6
4 33 41
8 55 6
13 91 5
2 81 36
9 43 36
13 72 29
x
12 28 5
4 59 40
x
1 20 43
x
6 76 23
14 76 34
1 85 0
7 67 21
10 35 28
9 84 11
12 5 16
14 93 28
7 8 32
3 28 15
9 16 23
7 79 2
4 82 9
9 7 22
2 9 33
9 88 3
x
12 18 35
7 5 39
6 90 8
9 66 14
0 26 13
10 62 23
x
13 0 1
x
13 28 27
1 18 13
13 37 23
15 97 30
14 64 23
3 73 4
x
9 46 39
14 28 41
x
4 69 3
12 80 17
10 65 33
3 10 5
12 67 15
3 3 39
5 88 20
x
5 84 28
7 88 31
2 0 39
5 39 17
3 47 31
15 20 18
1 96 17
5 31 21
6 6 32
13 79 6
15 25 3
x
15 93 1
x
10 4 20
0 78 24
15 0 34
15 49 30
11 68 6
7 23 14
8 97 36
11 88 40
10 83 40
9 79 26
9 10 34
12 0 37
7 20 18
12 84 7
0 52 18
4 71 44
x
7 54 0
x
x
10 49 30
6 19 15
15 68 26
14 85 1
x
x
14 72 36
13 77 12
2 92 27
x
x
2 32 19
3 26 34
8 92 15
14 3 44
2 99 11
1 60 43
5 99 3
x
0 24 0
4 96 13
9 4 30
9 24 27
11 60 16
14 51 43
15 38 4
14 20 8
4 19 42
2 31 34
10 86 41
0 7 28
x
4 78 25
3 50 12
x
5 47 37
x
3 17 16
x
4 13 10
12 58 33
5 45 33
13 45 39
2 62 32
15 84 10
5 80 24
0 72 43
5 91 6
10 96 38
2 52 24
x
0 46 37
x
9 90 13
11 7 41
8 26 16
13 25 14
8 89 43
6 81 28
4 50 15
11 0 29
6 38 34
4 89 7
x
12 23 5
15 99 37
6 31 14
x
x
4 97 3
1 53 20
0 55 29
3 76 9
6 49 14
1 30 8
x
1 71 1
12 16 19
x
11 21 3
11 65 16
3 33 19
x
14 25 30
14 54 4
1 35 35
12 94 10
x
x
3 31 2
4 93 14
2 64 2
3 67 16
x
x
7 28 1
11 31 40
0 2 31
14 8 20
2 13 42
8 7 18
5 81 13
15 9 42
12 78 4
0 61 33
13 34 30
10 24 43
3 81 11
4 45 21
x
4 86 2
6 58 26
x
8 18 3
2 18 27
5 10 0
15 12 27
x
13 99 10
1 82 7
2 46 13
9 27 0
x
x
10 76 8
6 92 9
12 38 29
x
x
13 30 32
6 96 1
5 30 28
0 90 2
2 74 26
x
7 47 33
0 15 24
15 75 31
x
x
0 74 0
14 26 25
8 87 3
12 54 10
9 30 24
x
3 83 7
x
5 64 18
12 47 12
9 95 17
1 14 11
9 75 18
5 67 19
10 54 22
x
9 40 3
10 69 9
4 26 19
x
2 5 28
6 53 30
1 33 10
12 60 19
14 97 38
1 6 31
