0 94 15
6 79 22
0 8 8
0 74 39
3 19 6
9 58 1
x
1 25 14
2 45 41
x
2 86 22
15 32 24
x
15 41 28
14 58 1
4 89 20
15 55 30
0 77 15
2 23 26
10 11 19
11 72 33
x
x
1 49 0
2 2 23
2 99 14
x
x
13 70 33
2 19 5
6 39 10
10 25 18
6 57 2
x
3 16 4
4 46 5
x
12 10 30
x
x
3 75 28
13 95 19
4 45 34
8 22 4
3 48 5
6 54 3
14 92 2
10 49 11
11 81 43
13 35 1
4 19 27
13 79 14
15 98 16
9 75 21
1 84 32
10 0 42
14 77 0
7 65 17
5 2 1
6 0 13
0 68 13
15 64 42
4 82 34
5 93 3
5 9 7
0 25 33
7 31 37
14 82 42
x
8 6 7
15 65 12
x
1 8 17
x
x
3 88 2
1 66 27
4 43 22
4 29 35
7 48 23
2 20 21
4 69 26
x
3 50 29
13 8 39
x
9 20 18
x
6 76 38
5 78 36
0 82 4
1 99 42
7 3 33
5 68 1
2 56 37
7 78 6
x
4 24 28
0 14 39
14 13 30
8 49 29
1 87 30
4 95 9
8 0 35
x
11 5 20
15 22 10
9 90 39
8 58 28
6 70 12
5 97 19
8 14 9
2 63 18
15 75 25
7 93 34
12 42 35
0 41 42
12 12 13
x
7 88 32
2 51 44
x
1 80 32
3 89 30
5 73 1
6 97 18
8 97 25
x
4 84 43
7 85 27
x
4 81 27
10 12 44
12 31 11
11 15 3
12 38 40
13 26 43
14 1 7
x
0 65 43
9 51 36
13 10 10
3 58 31
x
4 3 22
1 16 29
7 37 5
13 17 16
12 58 26
2 30 8
8 31 3
0 22 3
10 83 17
15 5 41
8 79 2
12 4 6
x
1 4 43
2 27 24
6 84 36
7 57 38
8 63 41
10 24 43
3 54 22
9 98 6
4 54 12
2 0 11
5 39 15
10 79 44
2 13 22
x
8 40 25
5 85 37
9 68 25
x
x
6 87 25
7 36 25
10 70 24
7 10 26
11 0 0
9 69 11
3 27 17
11 12 11
11 75 22
11 84 37
10 55 21
11 92 44
8 60 28
x
13 4 7
9 5 28
2 62 39
4 12 13
3 44 15
4 0 39
8 38 37
12 26 1
12 34 2
12 60 4
14 5 7
13 22 11
5 17 42
10 3 17
1 62 18
6 9 42
15 9 39
7 44 8
13 80 16
13 16 14
8 59 16
x
x
x
4 67 3
12 98 0
13 93 14
5 49 8
6 34 8
0 37 30
9 81 34
10 7 20
1 35 5
x
11 68 43
0 0 14
5 0 11
x
6 23 24
14 0 16
x
6 6 7
2 57 28
7 16 22
8 96 3
x
15 1 3
x
15 93 35
10 68 19
11 88 9
0 98 19
x
12 78 12
9 10 15
10 41 17
12 49 13
13 81 5
11 33 32
x
1 20 16
12 94 3
1 6 23
14 31 18
2 71 37
7 35 30
1 0 32
11 53 36
x
x
9 1 21
13 49 6
12 17 30
x
14 51 15
4 41 23
15 85 39
15 51 23
0 96 9
1 75 32
8 21 0
0 50 0
x
13 13 16
3 31 22
3 79 22
14 4 43
x
1 30 16
4 25 6
1 31 7
3 63 43
4 16 24
2 74 29
8 11 20
5 37 40
7 24 26
x
x
5 67 19
7 98 16
0 46 19
2 67 38
3 45 43
3 85 24
8 52 9
7 70 11
5 31 6
x
13 33 2
10 40 42
14 3 39
10 75 33
1 28 14
6 62 41
14 10 28
3 95 8
15 18 19
15 35 25
0 43 16
9 15 40
12 90 11
7 80 38
4 75 5
8 99 2
9 38 18
5 22 15
x
3 82 15
x
10 90 26
10 20 38
1 90 21
x
7 53 29
13 74 24
11 18 5
12 64 10
6 8 39
2 49 40
11 28 14
6 35 35
11 19 31
13 28 14
14 29 18
6 46 29
11 24 5
5 25 17
x
4 58 28
5 87 26
7 63 2
2 14 41
x
12 73 39
x
9 25 4
12 88 39
9 43 15
12 87 9
9 33 38
10 60 31
13 43 13
10 18 23
14 96 12
15 80 9
x
14 70 15
12 21 4
x
13 31 43
11 36 33
13 15 20
0 62 16
14 35 3
x
14 6 18
7 18 36
10 78 14
8 75 42
3 61 7
14 22 32
x
15 15 7
13 38 34
9 48 11
11 69 42
4 91 29
15 40 19
0 17 25
6 19 38
14 17 27
5 55 40
12 92 20
15 24 30
14 64 1
1 57 7
13 65 39
x
0 4 44
14 89 40
x
12 0 2
13 56 16
0 29 10
x
1 34 3
x
x
13 1 14
x
2 40 23
x
5 14 11
7 75 4
12 46 34
x
0 60 30
1 55 19
15 28 0
1 46 40
5 45 10
8 72 14
x
3 6 35
8 26 34
3 10 6
9 93 35
11 49 4
14 47 36
15 46 3
1 11 23
5 60 7
15 72 27
9 66 42
x
10 30 3
12 68 2
2 94 31
5 35 0
9 83 17
6 42 25
2 72 19
3 36 5
1 40 10
4 35 9
8 33 15
x
6 51 41
4 8 44
6 27 26
x
3 73 7
15 10 12
10 50 2
7 87 35
x
x
1 70 8
x
x
6 59 43
5 40 31
2 64 18
6 78 16
7 52 27
6 30 16
9 24 2
7 28 21
x
0 90 35
14 65 22
0 12 38
8 5 20
7 7 7
4 50 43
10 33 15
x
x
8 17 11
9 36 10
4 65 39
x
x
4 74 34
8 85 7
0 11 43
x
x
3 47 16
6 94 36
11 9 6
x
8 68 27
12 33 26
5 62 10
9 62 38
9 67 20
9 7 32
4 60 23
x
x
10 31 32
15 57 8
6 11 21
6 16 21
7 15 39
13 60 27
8 1 1
13 58 14
2 7 29
7 41 38
8 84 23
3 2 39
5 91 17
10 99 35
5 84 43
13 18 42
7 0 23
3 20 30
5 54 19
1 95 40
9 53 17
8 44 29
9 79 17
14 87 8
x
10 63 44
10 85 18
11 58 37
14 53 0
15 68 19
6 99 31
x
10 89 5
12 8 43
15 54 25
10 96 29
0 64 42
11 91 7
11 79 16
13 6 25
2 90 41
x
5 5 39
2 82 43
5 29 35
14 74 28
3 14 5
14 99 3
6 92 10
7 72 11
15 84 7
x
x
9 0 3
x
x
12 96 32
0 34 37
x
x
7 27 34
11 44 41
13 90 21
x
15 0 2
14 42 44
8 86 28
1 45 38
15 44 19
0 57 2
0 48 14
x
x
9 86 17
15 91 0
2 35 4
x
1 89 30
8 92 37
4 94 14
5 94 12
15 60 15
2 77 36
3 23 31
9 28 25
14 28 0
5 6 38
x
10 57 14
x
x
3 67 33
7 59 12
11 41 20
10 44 33
7 82 31
12 54 20
x
4 64 26
0 52 34
14 38 28
13 0 25
0 87 41
x
12 44 14
1 77 10
9 95 9
x
11 90 7
0 32 6
11 96 24
3 39 37
x
10 34 37
2 9 9
11 63 40
9 77 20
4 31 3
6 66 34
13 86 20
15 88 20
4 78 8
3 0 14
13 53 19
x
x
x
7 20 21
x
10 37 29
10 2 14
8 51 32
12 83 35
