x
0 63 22
0 43 11
12 92 0
3 67 10
x
13 79 31
15 33 11
x
5 49 12
x
12 27 3
4 81 24
x
9 5 36
14 57 6
9 68 11
12 59 22
14 81 35
7 35 13
15 46 29
9 43 35
x
x
8 33 23
3 53 29
10 31 6
x
1 23 38
11 33 7
5 86 29
13 5 14
0 45 23
2 85 30
9 40 14
x
15 10 23
5 5 33
x
8 68 31
1 7 16
6 28 26
14 64 39
9 13 20
7 14 38
8 65 12
11 13 24
14 90 19
7 41 43
10 40 16
x
4 0 28
8 92 14
0 56 14
6 61 2
7 84 23
8 72 21
13 56 2
x
14 71 36
7 6 14
0 48 24
1 66 17
15 57 39
5 67 36
4 88 16
13 88 4
2 63 42
6 83 30
15 1 33
x
11 86 0
4 6 25
x
0 86 32
6 64 20
8 25 42
6 9 18
8 51 29
1 75 2
12 1 1
x
12 96 25
0 54 14
8 16 21
7 65 40
11 71 36
x
x
10 2 15
12 34 11
7 5 42
13 41 39
4 1 38
7 77 22
12 9 28
14 36 27
7 11 39
7 21 41
12 20 7
x
8 63 1
14 85 9
2 51 26
1 52 13
2 76 29
6 54 15
x
3 73 0
15 22 15
x
4 76 14
9 0 24
15 63 37
x
8 49 40
10 0 23
7 29 3
12 30 30
x
5 60 1
x
x
9 75 0
3 59 9
5 78 43
8 99 40
0 35 19
9 46 38
0 52 42
3 74 12
9 17 10
6 0 36
10 89 43
11 11 44
2 89 0
8 70 12
1 55 20
x
10 83 27
12 87 32
3 32 7
5 55 18
13 74 17
2 8 10
9 36 41
9 27 35
0 11 21
15 77 32
x
4 29 16
10 59 37
x
13 45 33
5 9 35
3 10 20
x
6 59 38
4 41 22
10 56 19
11 34 42
7 90 38
x
5 80 22
x
7 44 21
3 90 32
5 54 43
11 8 3
3 50 16
0 79 17
0 18 33
6 34 9
14 70 7
12 75 43
8 22 2
10 18 1
6 77 2
8 9 27
13 91 6
x
12 82 9
3 68 26
7 15 30
15 85 44
x
12 53 2
4 96 37
11 41 40
4 25 10
1 0 21
12 73 42
1 50 41
1 35 40
7 0 5
14 4 37
x
10 12 14
4 9 9
12 11 29
8 15 43
9 59 19
15 3 39
1 71 33
x
12 39 26
0 49 15
12 55 40
0 0 33
15 32 11
10 1 35
11 19 32
4 45 27
2 58 35
x
6 26 30
2 6 11
x
8 21 7
14 7 20
9 66 34
7 86 6
10 50 33
5 0 1
x
10 65 30
x
x
14 76 6
x
8 77 0
5 77 2
15 79 30
2 49 24
x
5 40 16
4 72 34
9 51 31
14 46 39
8 53 25
5 47 37
15 58 7
6 44 12
x
x
12 46 36
8 43 20
11 36 34
12 70 40
x
7 48 17
4 24 23
x
x
14 3 1
14 0 23
3 96 34
2 43 18
10 37 26
11 59 20
2 20 20
0 31 7
7 69 12
x
3 47 7
2 74 44
x
2 32 38
5 84 26
3 30 20
12 90 31
5 93 29
x
9 31 20
6 20 0
x
x
11 6 7
7 83 19
2 35 34
x
6 92 44
14 67 2
4 65 3
10 62 18
3 36 26
9 33 6
x
11 55 15
5 58 18
10 54 23
5 94 16
13 23 42
9 1 25
3 4 24
6 65 10
2 18 13
4 13 44
6 39 42
15 49 27
3 65 21
0 1 1
6 56 3
x
6 10 31
4 85 12
2 95 25
14 91 28
5 24 7
x
2 53 8
3 95 8
3 2 0
9 10 43
4 64 24
1 14 13
5 97 14
11 68 31
12 79 41
7 38 24
11 90 35
15 71 5
4 58 6
x
7 73 37
8 0 28
x
x
15 68 27
5 65 40
0 58 34
13 10 10
9 69 8
6 78 13
14 65 17
0 91 18
15 60 22
5 20 11
13 52 25
8 55 31
15 42 21
2 0 5
x
13 96 25
x
15 17 17
x
6 8 35
6 87 24
x
0 15 29
11 52 40
8 58 17
2 37 1
0 22 1
15 19 28
x
10 69 2
14 41 37
x
7 36 20
14 28 17
7 95 43
15 69 34
3 87 33
3 45 21
10 78 18
1 28 27
11 83 5
11 47 11
11 84 8
3 76 39
1 11 27
x
2 80 26
8 84 5
3 54 37
4 37 4
15 9 32
10 7 12
15 13 31
9 80 16
9 95 3
x
13 14 8
3 19 17
13 37 27
0 68 3
13 82 28
8 4 13
x
0 26 34
14 53 15
12 7 31
x
x
14 80 34
0 2 26
x
x
5 13 33
1 2 4
x
14 95 24
0 12 6
12 24 26
7 24 4
13 35 31
x
x
8 19 25
x
15 35 34
9 55 38
4 33 42
11 22 31
14 20 43
14 59 11
1 44 21
8 29 44
2 68 38
13 61 32
14 61 10
13 29 29
3 51 17
1 40 30
0 41 13
2 24 35
10 43 4
13 33 10
15 97 13
x
11 18 1
4 68 23
6 49 23
13 69 23
15 88 1
x
5 89 24
4 92 41
x
13 0 11
5 95 28
x
3 25 11
3 58 4
10 73 25
x
x
3 84 26
6 70 15
3 42 14
5 29 15
11 79 28
0 50 32
2 5 27
14 24 31
13 28 28
11 0 33
1 90 10
11 74 30
x
5 45 28
0 6 2
6 36 40
x
15 84 12
11 64 9
x
9 85 7
9 3 25
0 24 38
5 15 3
x
13 49 35
11 82 10
3 9 40
8 87 1
4 31 29
x
14 33 3
6 97 22
x
2 92 13
15 0 37
15 51 18
9 24 27
14 99 28
3 81 22
0 76 25
7 58 41
0 96 44
x
12 4 37
3 20 32
7 53 43
8 38 18
4 53 40
1 57 8
3 92 33
x
1 87 0
12 0 1
1 62 10
5 39 13
9 90 21
5 59 13
3 14 5
x
4 69 35
7 40 28
6 14 17
1 30 19
1 95 9
4 79 10
x
7 12 28
x
15 38 19
x
5 33 5
2 39 2
8 48 1
1 18 41
6 6 4
11 69 30
8 82 25
0 7 32
2 62 24
8 18 30
6 24 12
x
6 93 21
7 59 0
12 42 23
4 49 39
14 51 12
0 83 27
9 63 26
2 52 41
x
12 67 0
14 1 8
x
3 7 12
7 1 13
5 1 44
x
7 56 29
12 43 4
1 82 23
12 15 5
1 49 9
14 11 42
1 68 32
7 62 17
10 49 3
x
x
1 51 41
x
x
5 7 35
0 74 6
11 44 22
10 24 44
3 0 34
7 78 16
x
x
10 27 28
x
11 3 22
x
11 95 16
7 96 8
9 18 18
13 32 12
x
13 50 41
x
2 2 5
x
13 18 43
4 19 2
1 79 44
8 39 19
2 29 31
x
13 85 5
6 76 39
x
12 49 20
x
10 86 32
15 74 0
x
x
13 66 15
9 91 5
11 51 44
x
15 27 43
2 13 12
7 18 41
6 81 13
14 16 5
12 64 39
4 17 29
15 93 41
3 38 19
10 96 7
11 30 10
7 2 23
x
11 28 32
x
8 14 8
x
10 91 41
5 72 21
6 18 4
14 10 8
1 56 29
8 94 24
