0 94 17
6 79 20
0 8 44
0 74 6
3 19 26
9 58 29
x
1 25 30
2 45 23
x
2 86 3
15 32 6
x
15 41 35
14 58 3
4 89 0
15 55 4
0 77 24
2 23 39
10 11 41
11 72 12
x
x
1 49 44
2 2 41
2 99 36
x
x
13 70 22
2 19 3
6 39 16
10 25 15
6 57 38
x
3 16 9
4 46 18
x
12 10 13
x
x
3 75 33
13 95 18
4 45 5
8 22 29
3 48 21
6 54 22
14 92 0
10 49 41
11 81 43
13 35 7
4 19 38
13 79 15
15 98 21
9 75 22
1 84 38
10 0 17
14 77 1
7 65 39
5 2 21
6 0 34
0 68 40
15 64 5
4 82 11
5 93 14
5 9 28
0 25 8
7 31 5
14 82 2
x
8 6 30
15 65 28
x
1 8 21
x
x
3 88 13
1 66 15
4 43 40
4 29 41
7 48 43
2 20 40
4 69 8
x
3 50 15
13 8 23
x
9 20 12
x
6 76 36
5 78 31
0 82 23
1 99 27
7 3 32
5 68 32
2 56 42
7 78 17
x
4 24 20
0 14 2
14 13 1
8 49 11
1 87 22
4 95 9
8 0 2
x
11 5 33
15 22 38
9 90 11
8 58 37
6 70 16
5 97 1
8 14 10
2 63 20
15 75 13
7 93 24
12 42 21
0 41 19
12 12 31
x
7 88 39
2 51 18
x
1 80 0
3 89 30
5 73 27
6 97 4
8 97 16
x
4 84 15
7 85 25
x
4 81 37
10 12 16
12 31 26
11 15 20
12 38 38
13 26 24
14 1 6
x
0 65 14
9 51 28
13 10 24
3 58 32
x
4 3 26
1 16 31
7 37 9
13 17 10
12 58 7
2 30 15
8 31 12
0 22 42
10 83 25
15 5 13
8 79 9
12 4 44
x
1 4 17
2 27 28
6 84 30
7 57 28
8 63 22
10 24 17
3 54 29
9 98 17
4 54 14
2 0 16
5 39 36
10 79 33
2 13 43
x
8 40 36
5 85 6
9 68 6
x
x
6 87 25
7 36 0
10 70 9
7 10 19
11 0 34
9 69 37
3 27 19
11 12 42
11 75 43
11 84 14
10 55 26
11 92 6
8 60 10
x
13 4 1
9 5 36
2 62 28
4 12 14
3 44 3
4 0 19
8 38 19
12 26 18
12 34 6
12 60 1
14 5 34
13 22 33
5 17 0
10 3 2
1 62 5
6 9 3
15 9 10
7 44 15
13 80 31
13 16 28
8 59 26
x
x
x
4 67 41
12 98 31
13 93 41
5 49 0
6 34 37
0 37 37
9 81 20
10 7 13
1 35 34
x
11 68 15
0 0 22
5 0 18
x
6 23 34
14 0 1
x
6 6 40
2 57 4
7 16 25
8 96 10
x
15 1 27
x
15 93 12
10 68 44
11 88 44
0 98 4
x
12 78 30
9 10 6
10 41 36
12 49 6
13 81 26
11 33 14
x
1 20 40
12 94 0
1 6 31
14 31 15
2 71 43
7 35 15
1 0 11
11 53 39
x
x
9 1 17
13 49 27
12 17 25
x
14 51 19
4 41 8
15 85 8
15 51 32
0 96 7
1 75 24
8 21 35
0 50 32
x
13 13 15
3 31 22
3 79 4
14 4 7
x
1 30 33
4 25 11
1 31 2
3 63 20
4 16 21
2 74 5
8 11 31
5 37 43
7 24 0
x
x
5 67 23
7 98 36
0 46 32
2 67 33
3 45 43
3 85 5
8 52 39
7 70 24
5 31 32
x
13 33 13
10 40 40
14 3 26
10 75 20
1 28 24
6 62 41
14 10 30
3 95 29
15 18 26
15 35 23
0 43 37
9 15 18
12 90 15
7 80 17
4 75 17
8 99 17
9 38 7
5 22 36
x
3 82 24
x
10 90 14
10 20 10
1 90 32
x
7 53 6
13 74 24
11 18 28
12 64 25
6 8 7
2 49 11
11 28 34
6 35 11
11 19 29
13 28 30
14 29 44
6 46 1
11 24 35
5 25 34
x
4 58 40
5 87 39
7 63 36
2 14 2
x
12 73 13
x
9 25 26
12 88 44
9 43 5
12 87 41
9 33 37
10 60 6
13 43 0
10 18 28
14 96 16
15 80 42
x
14 70 32
12 21 26
x
13 31 5
11 36 10
13 15 27
0 62 17
14 35 10
x
14 6 11
7 18 30
10 78 6
8 75 16
3 61 28
14 22 20
x
15 15 43
13 38 8
9 48 41
11 69 22
4 91 23
15 40 42
0 17 29
6 19 11
14 17 23
5 55 5
12 92 26
15 24 44
14 64 12
1 57 23
13 65 42
x
0 4 20
14 89 27
x
12 0 4
13 56 2
0 29 7
x
1 34 19
x
x
13 1 25
x
2 40 42
x
5 14 25
7 75 7
12 46 36
x
0 60 16
1 55 28
15 28 35
1 46 24
5 45 25
8 72 43
x
3 6 21
8 26 40
3 10 12
9 93 8
11 49 37
14 47 3
15 46 3
1 11 19
5 60 0
15 72 38
9 66 40
x
10 30 13
12 68 37
2 94 2
5 35 4
9 83 4
6 42 11
2 72 17
3 36 5
1 40 35
4 35 33
8 33 25
x
6 51 20
4 8 24
6 27 19
x
3 73 44
15 10 13
10 50 9
7 87 7
x
x
1 70 36
x
x
6 59 8
5 40 7
2 64 33
6 78 42
7 52 21
6 30 38
9 24 12
7 28 40
x
0 90 28
14 65 29
0 12 19
8 5 7
7 7 9
4 50 40
10 33 38
x
x
8 17 22
9 36 17
4 65 43
x
x
4 74 2
8 85 1
0 11 3
x
x
3 47 0
6 94 41
11 9 39
x
8 68 21
12 33 38
5 62 11
9 62 44
9 67 21
9 7 41
4 60 14
x
x
10 31 44
15 57 18
6 11 38
6 16 14
7 15 34
13 60 0
8 1 22
13 58 28
2 7 38
7 41 26
8 84 43
3 2 41
5 91 5
10 99 27
5 84 17
13 18 1
7 0 1
3 20 2
5 54 12
1 95 37
9 53 21
8 44 9
9 79 42
14 87 15
x
10 63 4
10 85 27
11 58 8
14 53 16
15 68 12
6 99 31
x
10 89 28
12 8 24
15 54 33
10 96 28
0 64 37
11 91 7
11 79 3
13 6 2
2 90 31
x
5 5 44
2 82 13
5 29 35
14 74 20
3 14 8
14 99 12
6 92 13
7 72 30
15 84 36
x
x
9 0 21
x
x
12 96 19
0 34 2
x
x
7 27 35
11 44 17
13 90 26
x
15 0 13
14 42 12
8 86 35
1 45 4
15 44 23
0 57 22
0 48 7
x
x
9 86 43
15 91 11
2 35 33
x
1 89 35
8 92 22
4 94 37
5 94 17
15 60 10
2 77 10
3 23 12
9 28 34
14 28 44
5 6 41
x
10 57 4
x
x
3 67 5
7 59 13
11 41 1
10 44 42
7 82 38
12 54 29
x
4 64 36
0 52 21
14 38 31
13 0 2
0 87 41
x
12 44 2
1 77 29
9 95 35
x
11 90 4
0 32 7
11 96 32
3 39 10
x
10 34 9
2 9 14
11 63 25
9 77 43
4 31 3
6 66 20
13 86 36
15 88 5
4 78 40
3 0 1
13 53 43
x
x
x
7 20 3
x
10 37 14
10 2 7
8 51 19
12 83 27
