0 94 39
6 79 5
0 8 42
0 74 43
3 19 27
9 58 38
x
1 25 8
2 45 0
x
2 86 38
15 32 4
x
15 41 41
14 58 7
4 89 23
15 55 28
0 77 18
2 23 3
10 11 0
11 72 25
x
x
1 49 36
2 2 24
2 99 34
x
x
13 70 35
2 19 1
6 39 32
10 25 43
6 57 39
x
3 16 41
4 46 22
x
12 10 43
x
x
3 75 18
13 95 31
4 45 37
8 22 33
3 48 4
6 54 44
14 92 26
10 49 14
11 81 39
13 35 10
4 19 40
13 79 4
15 98 40
9 75 37
1 84 27
10 0 6
14 77 36
7 65 28
5 2 25
6 0 21
0 68 15
15 64 32
4 82 43
5 93 28
5 9 31
0 25 38
7 31 13
14 82 5
x
8 6 4
15 65 28
x
1 8 2
x
x
3 88 6
1 66 27
4 43 8
4 29 22
7 48 31
2 20 36
4 69 15
x
3 50 42
13 8 21
x
9 20 19
x
6 76 6
5 78 42
0 82 25
1 99 10
7 3 4
5 68 35
2 56 35
7 78 15
x
4 24 38
0 14 9
14 13 32
8 49 17
1 87 14
4 95 18
8 0 2
x
11 5 10
15 22 1
9 90 38
8 58 2
6 70 39
5 97 7
8 14 16
2 63 3
15 75 19
7 93 0
12 42 5
0 41 0
12 12 34
x
7 88 42
2 51 28
x
1 80 10
3 89 11
5 73 8
6 97 5
8 97 30
x
4 84 3
7 85 37
x
4 81 19
10 12 7
12 31 3
11 15 23
12 38 3
13 26 37
14 1 7
x
0 65 42
9 51 38
13 10 3
3 58 40
x
4 3 44
1 16 1
7 37 31
13 17 23
12 58 25
2 30 6
8 31 27
0 22 25
10 83 22
15 5 15
8 79 21
12 4 18
x
1 4 9
2 27 9
6 84 44
7 57 29
8 63 22
10 24 24
3 54 6
9 98 31
4 54 37
2 0 41
5 39 10
10 79 34
2 13 26
x
8 40 4
5 85 36
9 68 13
x
x
6 87 41
7 36 14
10 70 15
7 10 38
11 0 12
9 69 2
3 27 27
11 12 1
11 75 5
11 84 25
10 55 18
11 92 24
8 60 26
x
13 4 3
9 5 44
2 62 32
4 12 14
3 44 1
4 0 32
8 38 36
12 26 10
12 34 32
12 60 8
14 5 0
13 22 38
5 17 16
10 3 10
1 62 39
6 9 40
15 9 35
7 44 32
13 80 28
13 16 40
8 59 0
x
x
x
4 67 14
12 98 41
13 93 12
5 49 18
6 34 6
0 37 37
9 81 35
10 7 8
1 35 13
x
11 68 1
0 0 39
5 0 8
x
6 23 29
14 0 6
x
6 6 44
2 57 22
7 16 4
8 96 21
x
15 1 41
x
15 93 9
10 68 3
11 88 19
0 98 8
x
12 78 28
9 10 17
10 41 0
12 49 3
13 81 40
11 33 42
x
1 20 40
12 94 27
1 6 12
14 31 5
2 71 9
7 35 18
1 0 17
11 53 14
x
x
9 1 42
13 49 1
12 17 4
x
14 51 27
4 41 11
15 85 8
15 51 0
0 96 32
1 75 0
8 21 11
0 50 18
x
13 13 9
3 31 43
3 79 9
14 4 23
x
1 30 6
4 25 22
1 31 24
3 63 13
4 16 30
2 74 30
8 11 10
5 37 16
7 24 12
x
x
5 67 1
7 98 33
0 46 29
2 67 5
3 45 39
3 85 18
8 52 44
7 70 29
5 31 2
x
13 33 42
10 40 23
14 3 35
10 75 31
1 28 8
6 62 24
14 10 10
3 95 16
15 18 17
15 35 33
0 43 29
9 15 36
12 90 11
7 80 12
4 75 7
8 99 6
9 38 4
5 22 19
x
3 82 42
x
10 90 27
10 20 23
1 90 19
x
7 53 26
13 74 6
11 18 6
12 64 35
6 8 2
2 49 29
11 28 13
6 35 16
11 19 33
13 28 11
14 29 44
6 46 13
11 24 17
5 25 11
x
4 58 11
5 87 8
7 63 10
2 14 21
x
12 73 3
x
9 25 20
12 88 38
9 43 12
12 87 38
9 33 15
10 60 14
13 43 5
10 18 39
14 96 32
15 80 34
x
14 70 5
12 21 35
x
13 31 29
11 36 2
13 15 19
0 62 41
14 35 33
x
14 6 8
7 18 11
10 78 8
8 75 13
3 61 12
14 22 29
x
15 15 26
13 38 35
9 48 14
11 69 33
4 91 16
15 40 36
0 17 29
6 19 14
14 17 30
5 55 44
12 92 20
15 24 27
14 64 6
1 57 27
13 65 11
x
0 4 21
14 89 30
x
12 0 37
13 56 11
0 29 26
x
1 34 14
x
x
13 1 9
x
2 40 12
x
5 14 17
7 75 19
12 46 41
x
0 60 30
1 55 5
15 28 17
1 46 39
5 45 8
8 72 41
x
3 6 37
8 26 24
3 10 4
9 93 17
11 49 33
14 47 21
15 46 40
1 11 26
5 60 7
15 72 2
9 66 11
x
10 30 24
12 68 34
2 94 25
5 35 32
9 83 36
6 42 17
2 72 18
3 36 15
1 40 25
4 35 28
8 33 23
x
6 51 39
4 8 30
6 27 15
x
3 73 36
15 10 36
10 50 34
7 87 20
x
x
1 70 33
x
x
6 59 23
5 40 8
2 64 11
6 78 23
7 52 24
6 30 40
9 24 29
7 28 7
x
0 90 13
14 65 29
0 12 44
8 5 1
7 7 20
4 50 6
10 33 6
x
x
8 17 18
9 36 7
4 65 32
x
x
4 74 35
8 85 10
0 11 14
x
x
3 47 18
6 94 13
11 9 18
x
8 68 0
12 33 23
5 62 43
9 62 0
9 67 37
9 7 21
4 60 24
x
x
10 31 14
15 57 32
6 11 43
6 16 27
7 15 20
13 60 31
8 1 26
13 58 34
2 7 19
7 41 38
8 84 19
3 2 17
5 91 36
10 99 19
5 84 13
13 18 1
7 0 38
3 20 3
5 54 31
1 95 34
9 53 43
8 44 44
9 79 24
14 87 4
x
10 63 39
10 85 20
11 58 22
14 53 31
15 68 23
6 99 6
x
10 89 23
12 8 32
15 54 37
10 96 9
0 64 8
11 91 14
11 79 39
13 6 16
2 90 30
x
5 5 0
2 82 20
5 29 14
14 74 20
3 14 2
14 99 27
6 92 39
7 72 37
15 84 43
x
x
9 0 1
x
x
12 96 24
0 34 41
x
x
7 27 43
11 44 20
13 90 28
x
15 0 31
14 42 1
8 86 16
1 45 34
15 44 9
0 57 33
0 48 6
x
x
9 86 29
15 91 3
2 35 44
x
1 89 11
8 92 30
4 94 8
5 94 41
15 60 12
2 77 26
3 23 20
9 28 23
14 28 11
5 6 14
x
10 57 10
x
x
3 67 22
7 59 0
11 41 25
10 44 15
7 82 16
12 54 16
x
4 64 23
0 52 7
14 38 37
13 0 15
0 87 19
x
12 44 33
1 77 3
9 95 2
x
11 90 1
0 32 37
11 96 34
3 39 1
x
10 34 31
2 9 30
11 63 3
9 77 32
4 31 33
6 66 2
13 86 9
15 88 35
4 78 11
3 0 35
13 53 39
x
x
x
7 20 25
x
10 37 35
10 2 2
8 51 33
12 83 9
