0 94 3
6 79 21
0 8 20
0 74 19
3 19 12
9 58 3
x
1 25 5
2 45 1
x
2 86 19
15 32 34
x
15 41 0
14 58 23
4 89 40
15 55 36
0 77 33
2 23 5
10 11 6
11 72 33
x
x
1 49 26
2 2 34
2 99 25
x
x
13 70 24
2 19 14
6 39 43
10 25 3
6 57 12
x
3 16 0
4 46 16
x
12 10 13
x
x
3 75 24
13 95 1
4 45 31
8 22 43
3 48 8
6 54 11
14 92 6
10 49 6
11 81 7
13 35 24
4 19 11
13 79 23
15 98 25
9 75 15
1 84 2
10 0 11
14 77 27
7 65 4
5 2 25
6 0 33
0 68 34
15 64 15
4 82 38
5 93 10
5 9 22
0 25 11
7 31 29
14 82 16
x
8 6 37
15 65 17
x
1 8 40
x
x
3 88 35
1 66 37
4 43 2
4 29 28
7 48 41
2 20 8
4 69 2
x
3 50 24
13 8 11
x
9 20 25
x
6 76 18
5 78 5
0 82 42
1 99 14
7 3 26
5 68 39
2 56 8
7 78 26
x
4 24 6
0 14 22
14 13 10
8 49 18
1 87 15
4 95 30
8 0 41
x
11 5 9
15 22 0
9 90 31
8 58 9
6 70 15
5 97 34
8 14 9
2 63 26
15 75 21
7 93 22
12 42 36
0 41 17
12 12 3
x
7 88 32
2 51 20
x
1 80 16
3 89 8
5 73 1
6 97 36
8 97 19
x
4 84 41
7 85 23
x
4 81 20
10 12 31
12 31 21
11 15 18
12 38 30
13 26 37
14 1 14
x
0 65 20
9 51 35
13 10 35
3 58 30
x
4 3 39
1 16 1
7 37 4
13 17 5
12 58 2
2 30 18
8 31 20
0 22 14
10 83 3
15 5 14
8 79 1
12 4 22
x
1 4 21
2 27 4
6 84 14
7 57 18
8 63 31
10 24 42
3 54 33
9 98 19
4 54 44
2 0 27
5 39 9
10 79 42
2 13 34
x
8 40 42
5 85 38
9 68 11
x
x
6 87 2
7 36 28
10 70 43
7 10 27
11 0 43
9 69 44
3 27 26
11 12 35
11 75 33
11 84 38
10 55 36
11 92 10
8 60 32
x
13 4 14
9 5 3
2 62 29
4 12 13
3 44 13
4 0 21
8 38 23
12 26 19
12 34 13
12 60 17
14 5 4
13 22 0
5 17 40
10 3 38
1 62 30
6 9 36
15 9 19
7 44 25
13 80 34
13 16 13
8 59 32
x
x
x
4 67 23
12 98 0
13 93 24
5 49 41
6 34 25
0 37 20
9 81 35
10 7 15
1 35 44
x
11 68 29
0 0 26
5 0 10
x
6 23 26
14 0 2
x
6 6 32
2 57 42
7 16 8
8 96 7
x
15 1 31
x
15 93 40
10 68 13
11 88 6
0 98 37
x
12 78 13
9 10 32
10 41 31
12 49 17
13 81 0
11 33 5
x
1 20 36
12 94 33
1 6 9
14 31 40
2 71 5
7 35 13
1 0 14
11 53 20
x
x
9 1 0
13 49 6
12 17 35
x
14 51 44
4 41 7
15 85 39
15 51 2
0 96 25
1 75 12
8 21 23
0 50 8
x
13 13 18
3 31 3
3 79 30
14 4 29
x
1 30 11
4 25 19
1 31 42
3 63 38
4 16 2
2 74 15
8 11 14
5 37 41
7 24 39
x
x
5 67 0
7 98 43
0 46 34
2 67 2
3 45 9
3 85 27
8 52 1
7 70 21
5 31 39
x
13 33 29
10 40 34
14 3 21
10 75 44
1 28 14
6 62 37
14 10 2
3 95 28
15 18 41
15 35 4
0 43 6
9 15 28
12 90 5
7 80 22
4 75 8
8 99 2
9 38 15
5 22 37
x
3 82 22
x
10 90 20
10 20 32
1 90 23
x
7 53 43
13 74 7
11 18 10
12 64 28
6 8 7
2 49 6
11 28 8
6 35 9
11 19 11
13 28 16
14 29 12
6 46 8
11 24 16
5 25 40
x
4 58 7
5 87 3
7 63 25
2 14 38
x
12 73 6
x
9 25 9
12 88 41
9 43 32
12 87 12
9 33 33
10 60 23
13 43 0
10 18 2
14 96 26
15 80 16
x
14 70 41
12 21 35
x
13 31 11
11 36 27
13 15 42
0 62 22
14 35 15
x
14 6 24
7 18 37
10 78 33
8 75 21
3 61 32
14 22 9
x
15 15 40
13 38 17
9 48 6
11 69 3
4 91 0
15 40 28
0 17 27
6 19 14
14 17 43
5 55 17
12 92 21
15 24 4
14 64 10
1 57 44
13 65 29
x
0 4 27
14 89 38
x
12 0 19
13 56 35
0 29 10
x
1 34 19
x
x
13 1 11
x
2 40 5
x
5 14 10
7 75 24
12 46 28
x
0 60 4
1 55 31
15 28 12
1 46 19
5 45 37
8 72 9
x
3 6 23
8 26 43
3 10 40
9 93 36
11 49 18
14 47 39
15 46 36
1 11 13
5 60 28
15 72 39
9 66 37
x
10 30 22
12 68 44
2 94 31
5 35 0
9 83 14
6 42 20
2 72 28
3 36 34
1 40 4
4 35 24
8 33 29
x
6 51 38
4 8 36
6 27 6
x
3 73 28
15 10 29
10 50 30
7 87 17
x
x
1 70 21
x
x
6 59 30
5 40 29
2 64 29
6 78 28
7 52 40
6 30 40
9 24 31
7 28 18
x
0 90 17
14 65 9
0 12 27
8 5 18
7 7 30
4 50 8
10 33 19
x
x
8 17 5
9 36 23
4 65 7
x
x
4 74 23
8 85 0
0 11 33
x
x
3 47 31
6 94 36
11 9 30
x
8 68 25
12 33 43
5 62 29
9 62 35
9 67 43
9 7 10
4 60 32
x
x
10 31 1
15 57 30
6 11 34
6 16 22
7 15 8
13 60 17
8 1 7
13 58 1
2 7 10
7 41 38
8 84 33
3 2 10
5 91 12
10 99 8
5 84 28
13 18 22
7 0 18
3 20 10
5 54 2
1 95 5
9 53 12
8 44 42
9 79 8
14 87 25
x
10 63 4
10 85 37
11 58 15
14 53 41
15 68 33
6 99 23
x
10 89 23
12 8 25
15 54 35
10 96 35
0 64 9
11 91 40
11 79 18
13 6 32
2 90 13
x
5 5 31
2 82 37
5 29 16
14 74 27
3 14 17
14 99 9
6 92 25
7 72 36
15 84 5
x
x
9 0 18
x
x
12 96 26
0 34 5
x
x
7 27 7
11 44 22
13 90 41
x
15 0 2
14 42 14
8 86 39
1 45 34
15 44 23
0 57 21
0 48 0
x
x
9 86 9
15 91 20
2 35 24
x
1 89 9
8 92 28
4 94 25
5 94 7
15 60 40
2 77 12
3 23 11
9 28 44
14 28 25
5 6 0
x
10 57 42
x
x
3 67 13
7 59 19
11 41 16
10 44 27
7 82 17
12 54 7
x
4 64 0
0 52 38
14 38 12
13 0 3
0 87 16
x
12 44 25
1 77 34
9 95 16
x
11 90 28
0 32 18
11 96 7
3 39 19
x
10 34 4
2 9 41
11 63 34
9 77 38
4 31 35
6 66 14
13 86 42
15 88 40
4 78 32
3 0 42
13 53 17
x
x
x
7 20 22
x
10 37 10
10 2 11
8 51 18
12 83 12
