0 94 38
6 79 26
0 8 29
0 74 30
3 19 25
9 58 37
x
1 25 2
2 45 19
x
2 86 9
15 32 21
x
15 41 35
14 58 10
4 89 6
15 55 28
0 77 19
2 23 10
10 11 23
11 72 5
x
x
1 49 41
2 2 22
2 99 4
x
x
13 70 24
2 19 36
6 39 34
10 25 29
6 57 16
x
3 16 21
4 46 15
x
12 10 7
x
x
3 75 5
13 95 15
4 45 15
8 22 40
3 48 31
6 54 34
14 92 2
10 49 34
11 81 11
13 35 18
4 19 44
13 79 9
15 98 2
9 75 7
1 84 34
10 0 21
14 77 11
7 65 35
5 2 4
6 0 9
0 68 12
15 64 32
4 82 16
5 93 4
5 9 15
0 25 1
7 31 36
14 82 11
x
8 6 44
15 65 26
x
1 8 40
x
x
3 88 19
1 66 0
4 43 21
4 29 4
7 48 11
2 20 38
4 69 9
x
3 50 18
13 8 37
x
9 20 34
x
6 76 13
5 78 42
0 82 39
1 99 33
7 3 29
5 68 43
2 56 19
7 78 13
x
4 24 24
0 14 36
14 13 15
8 49 1
1 87 24
4 95 44
8 0 38
x
11 5 7
15 22 39
9 90 12
8 58 38
6 70 13
5 97 5
8 14 27
2 63 4
15 75 18
7 93 17
12 42 12
0 41 1
12 12 7
x
7 88 19
2 51 18
x
1 80 10
3 89 20
5 73 38
6 97 13
8 97 0
x
4 84 31
7 85 19
x
4 81 36
10 12 3
12 31 8
11 15 17
12 38 10
13 26 21
14 1 43
x
0 65 25
9 51 35
13 10 30
3 58 17
x
4 3 41
1 16 16
7 37 42
13 17 24
12 58 41
2 30 44
8 31 22
0 22 1
10 83 41
15 5 21
8 79 20
12 4 6
x
1 4 37
2 27 23
6 84 22
7 57 17
8 63 12
10 24 38
3 54 40
9 98 26
4 54 1
2 0 37
5 39 44
10 79 33
2 13 22
x
8 40 43
5 85 4
9 68 13
x
x
6 87 25
7 36 39
10 70 12
7 10 20
11 0 1
9 69 42
3 27 24
11 12 10
11 75 16
11 84 31
10 55 37
11 92 4
8 60 10
x
13 4 12
9 5 0
2 62 27
4 12 35
3 44 21
4 0 17
8 38 23
12 26 7
12 34 13
12 60 12
14 5 13
13 22 17
5 17 33
10 3 30
1 62 21
6 9 14
15 9 21
7 44 38
13 80 14
13 16 44
8 59 37
x
x
x
4 67 36
12 98 11
13 93 41
5 49 39
6 34 44
0 37 9
9 81 39
10 7 31
1 35 6
x
11 68 21
0 0 0
5 0 34
x
6 23 43
14 0 12
x
6 6 40
2 57 3
7 16 17
8 96 0
x
15 1 44
x
15 93 20
10 68 32
11 88 26
0 98 16
x
12 78 32
9 10 25
10 41 32
12 49 42
13 81 29
11 33 44
x
1 20 19
12 94 4
1 6 24
14 31 6
2 71 36
7 35 41
1 0 34
11 53 1
x
x
9 1 11
13 49 30
12 17 24
x
14 51 16
4 41 24
15 85 9
15 51 36
0 96 9
1 75 36
8 21 13
0 50 4
x
13 13 22
3 31 18
3 79 40
14 4 4
x
1 30 37
4 25 10
1 31 26
3 63 25
4 16 8
2 74 37
8 11 10
5 37 17
7 24 15
x
x
5 67 10
7 98 28
0 46 22
2 67 26
3 45 14
3 85 12
8 52 33
7 70 3
5 31 28
x
13 33 11
10 40 16
14 3 27
10 75 6
1 28 32
6 62 15
14 10 14
3 95 28
15 18 30
15 35 4
0 43 27
9 15 22
12 90 23
7 80 22
4 75 23
8 99 41
9 38 26
5 22 37
x
3 82 3
x
10 90 43
10 20 25
1 90 38
x
7 53 40
13 74 24
11 18 36
12 64 5
6 8 23
2 49 24
11 28 32
6 35 11
11 19 33
13 28 35
14 29 10
6 46 27
11 24 26
5 25 29
x
4 58 40
5 87 0
7 63 42
2 14 32
x
12 73 36
x
9 25 35
12 88 9
9 43 36
12 87 40
9 33 14
10 60 21
13 43 40
10 18 9
14 96 35
15 80 27
x
14 70 18
12 21 31
x
13 31 9
11 36 3
13 15 22
0 62 36
14 35 20
x
14 6 42
7 18 7
10 78 16
8 75 13
3 61 21
14 22 18
x
15 15 19
13 38 22
9 48 6
11 69 29
4 91 29
15 40 21
0 17 35
6 19 40
14 17 18
5 55 20
12 92 11
15 24 34
14 64 16
1 57 8
13 65 29
x
0 4 24
14 89 4
x
12 0 0
13 56 15
0 29 15
x
1 34 2
x
x
13 1 5
x
2 40 2
x
5 14 39
7 75 11
12 46 33
x
0 60 16
1 55 31
15 28 2
1 46 44
5 45 0
8 72 40
x
3 6 41
8 26 23
3 10 13
9 93 2
11 49 14
14 47 8
15 46 31
1 11 3
5 60 10
15 72 5
9 66 43
x
10 30 2
12 68 39
2 94 39
5 35 8
9 83 26
6 42 9
2 72 21
3 36 24
1 40 31
4 35 28
8 33 33
x
6 51 41
4 8 27
6 27 17
x
3 73 29
15 10 30
10 50 28
7 87 16
x
x
1 70 7
x
x
6 59 4
5 40 7
2 64 11
6 78 1
7 52 1
6 30 6
9 24 37
7 28 36
x
0 90 29
14 65 30
0 12 0
8 5 19
7 7 28
4 50 4
10 33 16
x
x
8 17 37
9 36 44
4 65 9
x
x
4 74 44
8 85 44
0 11 16
x
x
3 47 37
6 94 37
11 9 34
x
8 68 28
12 33 38
5 62 25
9 62 5
9 67 12
9 7 38
4 60 0
x
x
10 31 14
15 57 0
6 11 3
6 16 33
7 15 27
13 60 8
8 1 33
13 58 31
2 7 7
7 41 18
8 84 2
3 2 20
5 91 26
10 99 1
5 84 8
13 18 21
7 0 19
3 20 36
5 54 30
1 95 33
9 53 5
8 44 5
9 79 23
14 87 6
x
10 63 23
10 85 19
11 58 34
14 53 13
15 68 39
6 99 17
x
10 89 34
12 8 1
15 54 2
10 96 34
0 64 43
11 91 41
11 79 41
13 6 22
2 90 38
x
5 5 19
2 82 39
5 29 39
14 74 38
3 14 17
14 99 2
6 92 41
7 72 43
15 84 6
x
x
9 0 24
x
x
12 96 35
0 34 37
x
x
7 27 8
11 44 6
13 90 27
x
15 0 16
14 42 32
8 86 32
1 45 41
15 44 9
0 57 21
0 48 5
x
x
9 86 14
15 91 35
2 35 16
x
1 89 16
8 92 27
4 94 27
5 94 30
15 60 23
2 77 8
3 23 22
9 28 43
14 28 4
5 6 1
x
10 57 21
x
x
3 67 42
7 59 23
11 41 27
10 44 30
7 82 26
12 54 22
x
4 64 1
0 52 17
14 38 7
13 0 44
0 87 25
x
12 44 14
1 77 3
9 95 2
x
11 90 22
0 32 15
11 96 23
3 39 0
x
10 34 12
2 9 20
11 63 1
9 77 26
4 31 14
6 66 37
13 86 25
15 88 7
4 78 24
3 0 0
13 53 41
x
x
x
7 20 14
x
10 37 43
10 2 17
8 51 2
12 83 1
