0 94 21
6 79 0
0 8 22
0 74 3
3 19 22
9 58 9
x
1 25 15
2 45 22
x
2 86 3
15 32 35
x
15 41 2
14 58 6
4 89 39
15 55 22
0 77 34
2 23 15
10 11 33
11 72 43
x
x
1 49 11
2 2 41
2 99 27
x
x
13 70 1
2 19 38
6 39 8
10 25 9
6 57 38
x
3 16 32
4 46 5
x
12 10 11
x
x
3 75 24
13 95 7
4 45 12
8 22 44
3 48 40
6 54 3
14 92 31
10 49 17
11 81 1
13 35 18
4 19 44
13 79 40
15 98 38
9 75 10
1 84 21
10 0 30
14 77 34
7 65 0
5 2 2
6 0 40
0 68 33
15 64 26
4 82 31
5 93 10
5 9 24
0 25 35
7 31 23
14 82 20
x
8 6 44
15 65 12
x
1 8 9
x
x
3 88 2
1 66 33
4 43 33
4 29 35
7 48 28
2 20 8
4 69 19
x
3 50 6
13 8 21
x
9 20 23
x
6 76 21
5 78 38
0 82 36
1 99 31
7 3 37
5 68 32
2 56 11
7 78 35
x
4 24 19
0 14 16
14 13 21
8 49 17
1 87 16
4 95 33
8 0 31
x
11 5 15
15 22 1
9 90 17
8 58 7
6 70 10
5 97 29
8 14 31
2 63 25
15 75 22
7 93 39
12 42 9
0 41 19
12 12 2
x
7 88 7
2 51 39
x
1 80 24
3 89 1
5 73 20
6 97 31
8 97 5
x
4 84 43
7 85 7
x
4 81 8
10 12 24
12 31 22
11 15 26
12 38 28
13 26 27
14 1 17
x
0 65 34
9 51 34
13 10 43
3 58 22
x
4 3 6
1 16 29
7 37 8
13 17 42
12 58 31
2 30 17
8 31 11
0 22 9
10 83 44
15 5 44
8 79 14
12 4 5
x
1 4 11
2 27 25
6 84 11
7 57 5
8 63 20
10 24 29
3 54 37
9 98 2
4 54 28
2 0 12
5 39 32
10 79 1
2 13 35
x
8 40 25
5 85 26
9 68 40
x
x
6 87 21
7 36 31
10 70 12
7 10 3
11 0 44
9 69 30
3 27 24
11 12 29
11 75 0
11 84 12
10 55 31
11 92 30
8 60 3
x
13 4 3
9 5 5
2 62 3
4 12 20
3 44 33
4 0 43
8 38 13
12 26 11
12 34 2
12 60 37
14 5 41
13 22 16
5 17 27
10 3 40
1 62 7
6 9 22
15 9 31
7 44 25
13 80 43
13 16 39
8 59 5
x
x
x
4 67 40
12 98 31
13 93 32
5 49 10
6 34 20
0 37 13
9 81 4
10 7 13
1 35 25
x
11 68 30
0 0 14
5 0 17
x
6 23 41
14 0 29
x
6 6 21
2 57 28
7 16 19
8 96 4
x
15 1 8
x
15 93 30
10 68 7
11 88 24
0 98 28
x
12 78 42
9 10 5
10 41 36
12 49 5
13 81 17
11 33 22
x
1 20 10
12 94 43
1 6 21
14 31 23
2 71 3
7 35 3
1 0 37
11 53 18
x
x
9 1 13
13 49 12
12 17 18
x
14 51 15
4 41 24
15 85 11
15 51 5
0 96 33
1 75 33
8 21 41
0 50 10
x
13 13 7
3 31 19
3 79 19
14 4 2
x
1 30 21
4 25 16
1 31 44
3 63 27
4 16 3
2 74 32
8 11 16
5 37 12
7 24 2
x
x
5 67 26
7 98 38
0 46 0
2 67 35
3 45 34
3 85 13
8 52 18
7 70 40
5 31 33
x
13 33 42
10 40 32
14 3 13
10 75 32
1 28 34
6 62 14
14 10 43
3 95 30
15 18 21
15 35 42
0 43 36
9 15 41
12 90 21
7 80 8
4 75 9
8 99 7
9 38 17
5 22 10
x
3 82 37
x
10 90 2
10 20 13
1 90 27
x
7 53 42
13 74 42
11 18 15
12 64 31
6 8 16
2 49 18
11 28 17
6 35 40
11 19 43
13 28 4
14 29 9
6 46 35
11 24 35
5 25 29
x
4 58 4
5 87 30
7 63 32
2 14 8
x
12 73 27
x
9 25 8
12 88 7
9 43 15
12 87 5
9 33 13
10 60 9
13 43 38
10 18 26
14 96 28
15 80 34
x
14 70 0
12 21 18
x
13 31 40
11 36 20
13 15 27
0 62 13
14 35 16
x
14 6 7
7 18 2
10 78 34
8 75 29
3 61 29
14 22 3
x
15 15 38
13 38 14
9 48 31
11 69 40
4 91 25
15 40 19
0 17 9
6 19 22
14 17 32
5 55 6
12 92 10
15 24 36
14 64 44
1 57 9
13 65 34
x
0 4 6
14 89 34
x
12 0 18
13 56 1
0 29 39
x
1 34 11
x
x
13 1 26
x
2 40 14
x
5 14 42
7 75 36
12 46 28
x
0 60 39
1 55 22
15 28 23
1 46 37
5 45 39
8 72 26
x
3 6 4
8 26 33
3 10 18
9 93 11
11 49 42
14 47 13
15 46 1
1 11 37
5 60 19
15 72 1
9 66 22
x
10 30 5
12 68 25
2 94 24
5 35 15
9 83 35
6 42 38
2 72 39
3 36 41
1 40 15
4 35 23
8 33 10
x
6 51 11
4 8 40
6 27 19
x
3 73 41
15 10 16
10 50 39
7 87 9
x
x
1 70 12
x
x
6 59 42
5 40 14
2 64 23
6 78 40
7 52 7
6 30 25
9 24 21
7 28 6
x
0 90 4
14 65 26
0 12 41
8 5 20
7 7 27
4 50 40
10 33 40
x
x
8 17 24
9 36 37
4 65 21
x
x
4 74 8
8 85 37
0 11 11
x
x
3 47 11
6 94 11
11 9 37
x
8 68 18
12 33 30
5 62 36
9 62 10
9 67 35
9 7 23
4 60 28
x
x
10 31 13
15 57 43
6 11 21
6 16 15
7 15 16
13 60 37
8 1 16
13 58 8
2 7 29
7 41 31
8 84 30
3 2 16
5 91 34
10 99 33
5 84 44
13 18 5
7 0 33
3 20 7
5 54 17
1 95 26
9 53 1
8 44 26
9 79 0
14 87 31
x
10 63 13
10 85 29
11 58 6
14 53 41
15 68 2
6 99 19
x
10 89 5
12 8 12
15 54 44
10 96 26
0 64 3
11 91 16
11 79 28
13 6 28
2 90 25
x
5 5 22
2 82 41
5 29 22
14 74 29
3 14 12
14 99 25
6 92 11
7 72 39
15 84 43
x
x
9 0 35
x
x
12 96 7
0 34 34
x
x
7 27 38
11 44 4
13 90 14
x
15 0 28
14 42 19
8 86 27
1 45 7
15 44 19
0 57 35
0 48 35
x
x
9 86 4
15 91 20
2 35 32
x
1 89 28
8 92 21
4 94 31
5 94 4
15 60 43
2 77 36
3 23 23
9 28 17
14 28 5
5 6 41
x
10 57 44
x
x
3 67 0
7 59 19
11 41 4
10 44 26
7 82 7
12 54 38
x
4 64 7
0 52 17
14 38 0
13 0 17
0 87 39
x
12 44 41
1 77 8
9 95 15
x
11 90 31
0 32 44
11 96 4
3 39 13
x
10 34 42
2 9 27
11 63 20
9 77 21
4 31 36
6 66 0
13 86 43
15 88 9
4 78 4
3 0 31
13 53 39
x
x
x
7 20 12
x
10 37 32
10 2 16
8 51 1
12 83 8
