5 41 43
14 28 17
3 98 26
5 20 2
6 89 0
3 25 31
x
x
9 95 13
x
11 5 31
15 77 40
x
x
1 55 35
14 36 32
0 38 19
2 0 43
9 24 11
7 67 8
5 67 34
3 9 40
3 47 24
15 18 5
x
7 3 44
x
7 58 14
1 7 30
0 41 39
14 23 0
1 0 9
x
3 19 37
9 72 23
x
1 44 2
1 51 0
7 82 15
x
x
10 56 24
13 54 4
1 78 44
11 65 8
12 37 6
8 19 10
7 2 13
11 89 32
1 95 39
9 66 12
5 37 37
14 0 20
7 65 8
13 33 5
9 70 22
15 61 36
15 0 20
9 99 19
10 12 41
14 7 15
9 64 5
7 36 19
x
0 58 31
x
12 75 30
7 18 25
7 39 17
15 57 24
3 38 32
7 68 1
6 97 17
x
11 9 9
6 6 44
x
9 41 16
8 62 20
10 96 21
12 92 0
x
0 67 19
6 55 13
15 37 38
1 21 19
10 9 9
9 90 43
12 69 13
x
10 49 6
15 14 32
14 3 0
x
9 33 23
3 50 25
11 37 38
7 23 27
1 35 28
7 4 26
4 81 7
2 44 21
2 12 44
1 53 20
14 50 26
12 50 10
5 86 39
14 54 41
3 65 0
10 28 3
3 95 28
x
8 49 2
x
15 23 22
5 72 40
0 2 5
11 79 1
5 95 13
x
3 67 24
x
0 85 16
x
10 0 19
15 28 9
15 76 13
x
10 61 27
3 23 43
8 5 29
x
10 87 32
6 95 17
x
4 92 39
8 97 43
x
0 71 41
x
8 92 12
x
13 63 8
x
x
2 34 38
x
9 98 35
x
6 27 37
x
x
8 68 44
13 96 10
14 81 5
x
0 7 44
14 14 24
1 16 11
x
13 36 1
12 32 11
14 97 28
x
8 94 9
11 68 39
x
0 33 4
2 31 28
9 40 42
8 9 12
3 41 41
15 81 2
x
10 83 35
x
14 92 34
x
1 85 32
5 52 7
2 21 3
0 80 14
2 62 8
1 11 16
5 64 32
13 0 40
6 34 5
1 71 34
5 60 30
7 61 17
x
11 52 35
8 99 8
4 3 4
9 88 8
12 46 14
4 85 7
7 77 27
2 17 20
6 57 41
14 61 34
11 92 3
12 14 12
4 29 31
x
15 12 4
6 4 29
5 5 16
2 99 2
9 84 28
2 41 30
x
6 16 39
15 15 30
x
11 96 17
15 46 41
x
9 78 17
2 96 1
14 85 12
12 5 27
5 9 33
1 47 9
5 43 31
0 20 23
11 98 6
2 56 4
x
8 70 14
11 18 13
2 46 16
11 28 33
4 38 36
x
x
8 40 26
13 19 29
10 42 14
x
5 93 31
10 92 20
14 87 31
10 77 18
8 0 41
12 9 33
x
2 82 16
x
12 42 7
3 88 36
8 56 38
x
4 45 38
x
12 49 3
14 77 11
7 95 18
x
12 57 25
10 66 5
x
13 66 36
4 95 10
6 80 8
1 98 2
2 5 26
8 76 17
x
9 82 29
8 90 10
15 99 43
x
1 14 17
13 74 18
12 54 32
5 99 15
12 19 16
14 99 28
7 63 39
8 59 40
13 38 31
12 78 24
4 24 20
2 87 11
5 71 31
4 41 0
2 66 12
15 39 7
13 44 40
8 84 34
1 38 14
5 13 19
7 85 33
x
0 89 18
9 34 6
4 77 27
x
15 48 43
x
15 7 7
6 82 3
1 40 33
14 57 42
x
11 58 21
0 29 5
x
2 74 40
2 26 23
5 70 40
x
15 53 8
x
x
3 77 22
x
15 50 6
5 45 11
3 58 27
x
x
x
9 0 30
10 18 29
5 63 2
11 42 8
12 40 2
x
12 62 19
3 53 37
9 6 14
9 85 25
15 5 28
x
15 9 0
x
x
1 31 15
7 25 30
10 40 18
x
x
6 42 24
1 33 30
12 81 16
13 43 5
1 66 29
7 24 43
4 20 32
6 24 41
6 63 36
x
7 0 15
14 33 27
5 47 44
2 49 25
5 23 6
9 28 21
0 56 29
4 7 26
15 70 28
14 12 17
3 15 23
10 54 38
3 73 35
1 93 4
0 19 19
15 84 34
8 23 6
7 48 35
7 12 22
6 13 10
8 44 21
14 74 8
9 53 1
13 45 38
5 74 25
6 90 15
13 89 9
13 28 13
4 87 34
6 0 28
13 23 17
2 60 35
10 70 2
3 29 21
10 33 30
9 36 22
x
14 16 30
x
11 76 12
9 75 31
8 86 18
0 39 37
6 68 16
x
6 72 23
x
x
0 3 43
4 17 33
13 84 43
0 74 33
0 24 2
8 13 40
2 42 6
5 75 24
1 42 22
0 52 3
0 16 0
x
13 56 33
6 8 40
8 64 29
11 46 22
10 24 34
0 34 25
12 24 22
14 69 10
0 0 41
14 47 43
10 94 21
11 72 12
8 58 30
4 69 9
13 49 42
1 25 10
x
x
13 42 10
8 36 2
4 12 13
8 25 1
4 58 36
15 93 26
2 90 2
10 5 39
13 93 7
2 77 37
2 71 24
15 88 13
12 84 0
7 35 28
5 32 25
7 15 29
11 32 7
1 90 37
3 80 16
4 74 28
7 43 3
2 53 36
x
5 84 20
13 39 28
4 99 5
2 93 42
9 59 39
6 20 9
13 9 25
6 2 29
10 47 3
9 14 5
5 28 0
8 7 2
14 52 22
3 12 22
4 54 41
x
11 63 14
8 50 33
4 49 20
x
12 90 20
x
6 36 25
x
13 99 3
x
12 21 4
3 85 40
12 71 8
14 62 29
7 53 38
9 17 17
10 76 42
9 50 44
5 17 21
1 60 19
x
12 67 16
4 0 11
12 0 40
x
7 90 13
x
6 76 18
9 4 23
1 19 21
0 43 28
5 85 34
2 8 10
6 32 7
x
10 22 20
x
x
13 60 23
7 33 24
3 5 12
11 0 37
13 14 6
x
15 97 23
15 59 32
x
6 85 7
13 79 20
x
13 70 35
8 55 25
3 0 6
8 35 14
2 69 7
14 26 7
5 88 32
12 74 2
15 30 2
5 0 30
3 45 19
7 29 11
x
5 78 28
14 38 4
6 61 19
6 47 26
10 74 44
x
x
x
3 36 7
x
4 83 41
x
x
11 48 18
5 39 44
9 20 29
x
11 84 6
5 91 40
13 4 15
9 43 37
2 38 33
3 63 26
6 50 35
14 42 1
2 47 5
0 98 43
8 37 30
10 37 11
14 21 3
x
15 43 19
x
x
12 12 3
7 47 14
9 46 16
5 2 42
9 56 4
x
7 72 12
11 23 14
4 64 44
7 38 0
1 82 43
x
8 79 0
9 11 15
0 11 4
4 33 23
7 91 31
11 14 29
12 96 26
0 48 15
x
x
8 82 32
15 71 1
0 63 8
0 46 41
8 30 37
1 75 27
8 33 27
9 79 44
x
1 62 38
3 93 15
1 49 40
5 79 42
15 32 15
1 28 28
1 5 33
15 66 39
0 77 38
13 87 7
11 54 2
7 8 42
8 72 42
12 29 37
7 87 36
x
6 40 22
5 57 38
8 96 0
14 64 9
8 15 4
x
x
3 34 12
15 80 43
0 94 11
