0 94 8
6 79 18
0 8 29
0 74 35
3 19 13
9 58 4
x
1 25 30
2 45 7
x
2 86 27
15 32 15
x
15 41 38
14 58 14
4 89 28
15 55 16
0 77 41
2 23 44
10 11 34
11 72 35
x
x
1 49 19
2 2 25
2 99 27
x
x
13 70 44
2 19 23
6 39 24
10 25 4
6 57 30
x
3 16 30
4 46 12
x
12 10 36
x
x
3 75 15
13 95 40
4 45 17
8 22 15
3 48 9
6 54 9
14 92 26
10 49 14
11 81 25
13 35 30
4 19 18
13 79 12
15 98 15
9 75 12
1 84 38
10 0 34
14 77 30
7 65 32
5 2 28
6 0 4
0 68 38
15 64 8
4 82 9
5 93 23
5 9 12
0 25 8
7 31 2
14 82 36
x
8 6 16
15 65 34
x
1 8 44
x
x
3 88 3
1 66 18
4 43 21
4 29 41
7 48 0
2 20 25
4 69 10
x
3 50 14
13 8 27
x
9 20 29
x
6 76 22
5 78 36
0 82 35
1 99 22
7 3 41
5 68 14
2 56 14
7 78 9
x
4 24 13
0 14 13
14 13 25
8 49 42
1 87 21
4 95 16
8 0 17
x
11 5 4
15 22 32
9 90 13
8 58 17
6 70 28
5 97 24
8 14 36
2 63 21
15 75 38
7 93 11
12 42 34
0 41 26
12 12 23
x
7 88 21
2 51 1
x
1 80 35
3 89 5
5 73 32
6 97 23
8 97 4
x
4 84 29
7 85 30
x
4 81 32
10 12 34
12 31 40
11 15 40
12 38 7
13 26 6
14 1 20
x
0 65 23
9 51 42
13 10 5
3 58 41
x
4 3 10
1 16 2
7 37 31
13 17 22
12 58 0
2 30 1
8 31 6
0 22 13
10 83 6
15 5 21
8 79 44
12 4 27
x
1 4 9
2 27 31
6 84 12
7 57 16
8 63 41
10 24 42
3 54 39
9 98 3
4 54 2
2 0 28
5 39 29
10 79 12
2 13 23
x
8 40 32
5 85 8
9 68 5
x
x
6 87 10
7 36 29
10 70 14
7 10 36
11 0 28
9 69 39
3 27 17
11 12 34
11 75 3
11 84 7
10 55 39
11 92 30
8 60 0
x
13 4 40
9 5 6
2 62 29
4 12 42
3 44 41
4 0 23
8 38 42
12 26 15
12 34 26
12 60 33
14 5 23
13 22 22
5 17 27
10 3 2
1 62 38
6 9 9
15 9 4
7 44 43
13 80 9
13 16 13
8 59 41
x
x
x
4 67 11
12 98 11
13 93 14
5 49 24
6 34 42
0 37 33
9 81 21
10 7 41
1 35 29
x
11 68 30
0 0 19
5 0 15
x
6 23 34
14 0 8
x
6 6 23
2 57 36
7 16 32
8 96 11
x
15 1 15
x
15 93 31
10 68 0
11 88 3
0 98 0
x
12 78 18
9 10 28
10 41 5
12 49 43
13 81 8
11 33 17
x
1 20 31
12 94 6
1 6 10
14 31 6
2 71 6
7 35 32
1 0 6
11 53 21
x
x
9 1 13
13 49 29
12 17 27
x
14 51 11
4 41 4
15 85 35
15 51 20
0 96 9
1 75 20
8 21 1
0 50 3
x
13 13 37
3 31 2
3 79 11
14 4 17
x
1 30 12
4 25 5
1 31 20
3 63 15
4 16 43
2 74 10
8 11 22
5 37 9
7 24 20
x
x
5 67 26
7 98 27
0 46 31
2 67 19
3 45 6
3 85 0
8 52 32
7 70 4
5 31 21
x
13 33 36
10 40 12
14 3 35
10 75 19
1 28 22
6 62 40
14 10 21
3 95 38
15 18 7
15 35 8
0 43 29
9 15 42
12 90 1
7 80 19
4 75 28
8 99 3
9 38 40
5 22 13
x
3 82 42
x
10 90 10
10 20 16
1 90 4
x
7 53 11
13 74 43
11 18 1
12 64 11
6 8 22
2 49 26
11 28 44
6 35 6
11 19 0
13 28 37
14 29 24
6 46 4
11 24 31
5 25 22
x
4 58 42
5 87 12
7 63 32
2 14 39
x
12 73 12
x
9 25 15
12 88 9
9 43 10
12 87 32
9 33 25
10 60 29
13 43 18
10 18 3
14 96 7
15 80 3
x
14 70 23
12 21 24
x
13 31 9
11 36 16
13 15 17
0 62 6
14 35 8
x
14 6 27
7 18 22
10 78 13
8 75 3
3 61 14
14 22 16
x
15 15 31
13 38 7
9 48 1
11 69 6
4 91 24
15 40 11
0 17 26
6 19 7
14 17 43
5 55 34
12 92 12
15 24 16
14 64 5
1 57 5
13 65 25
x
0 4 42
14 89 34
x
12 0 20
13 56 44
0 29 41
x
1 34 29
x
x
13 1 35
x
2 40 13
x
5 14 37
7 75 25
12 46 24
x
0 60 11
1 55 8
15 28 14
1 46 30
5 45 11
8 72 13
x
3 6 40
8 26 5
3 10 37
9 93 37
11 49 37
14 47 8
15 46 18
1 11 33
5 60 6
15 72 10
9 66 17
x
10 30 44
12 68 19
2 94 22
5 35 20
9 83 25
6 42 43
2 72 39
3 36 14
1 40 31
4 35 1
8 33 2
x
6 51 44
4 8 7
6 27 20
x
3 73 11
15 10 39
10 50 36
7 87 37
x
x
1 70 35
x
x
6 59 28
5 40 9
2 64 6
6 78 22
7 52 18
6 30 17
9 24 21
7 28 28
x
0 90 40
14 65 1
0 12 28
8 5 13
7 7 1
4 50 42
10 33 31
x
x
8 17 37
9 36 19
4 65 23
x
x
4 74 9
8 85 32
0 11 41
x
x
3 47 14
6 94 22
11 9 39
x
8 68 17
12 33 22
5 62 37
9 62 34
9 67 23
9 7 3
4 60 39
x
x
10 31 0
15 57 33
6 11 30
6 16 13
7 15 42
13 60 11
8 1 17
13 58 1
2 7 23
7 41 24
8 84 14
3 2 20
5 91 32
10 99 20
5 84 42
13 18 5
7 0 0
3 20 5
5 54 3
1 95 15
9 53 41
8 44 33
9 79 18
14 87 40
x
10 63 26
10 85 0
11 58 23
14 53 25
15 68 9
6 99 6
x
10 89 8
12 8 10
15 54 30
10 96 1
0 64 25
11 91 27
11 79 12
13 6 26
2 90 20
x
5 5 5
2 82 19
5 29 9
14 74 1
3 14 23
14 99 22
6 92 10
7 72 8
15 84 3
x
x
9 0 23
x
x
12 96 15
0 34 42
x
x
7 27 3
11 44 17
13 90 19
x
15 0 40
14 42 36
8 86 13
1 45 21
15 44 11
0 57 3
0 48 24
x
x
9 86 38
15 91 8
2 35 39
x
1 89 44
8 92 0
4 94 5
5 94 17
15 60 27
2 77 33
3 23 26
9 28 24
14 28 17
5 6 33
x
10 57 32
x
x
3 67 5
7 59 43
11 41 35
10 44 44
7 82 12
12 54 35
x
4 64 44
0 52 43
14 38 31
13 0 3
0 87 32
x
12 44 34
1 77 31
9 95 27
x
11 90 37
0 32 17
11 96 2
3 39 5
x
10 34 28
2 9 24
11 63 26
9 77 35
4 31 29
6 66 35
13 86 33
15 88 9
4 78 39
3 0 4
13 53 40
x
x
x
7 20 38
x
10 37 15
10 2 22
8 51 37
12 83 37
