0 94 28
6 79 16
0 8 9
0 74 6
3 19 41
9 58 19
x
1 25 11
2 45 26
x
2 86 0
15 32 17
x
15 41 14
14 58 12
4 89 32
15 55 34
0 77 27
2 23 17
10 11 30
11 72 33
x
x
1 49 10
2 2 24
2 99 12
x
x
13 70 15
2 19 14
6 39 23
10 25 28
6 57 25
x
3 16 36
4 46 20
x
12 10 27
x
x
3 75 22
13 95 37
4 45 28
8 22 41
3 48 27
6 54 10
14 92 26
10 49 36
11 81 8
13 35 26
4 19 34
13 79 7
15 98 3
9 75 7
1 84 25
10 0 29
14 77 9
7 65 18
5 2 25
6 0 9
0 68 22
15 64 11
4 82 28
5 93 30
5 9 19
0 25 25
7 31 42
14 82 29
x
8 6 37
15 65 7
x
1 8 44
x
x
3 88 29
1 66 25
4 43 9
4 29 11
7 48 15
2 20 41
4 69 21
x
3 50 22
13 8 40
x
9 20 1
x
6 76 25
5 78 34
0 82 41
1 99 13
7 3 12
5 68 2
2 56 0
7 78 11
x
4 24 17
0 14 1
14 13 5
8 49 7
1 87 30
4 95 12
8 0 8
x
11 5 28
15 22 42
9 90 17
8 58 1
6 70 28
5 97 1
8 14 34
2 63 1
15 75 20
7 93 38
12 42 27
0 41 40
12 12 32
x
7 88 43
2 51 21
x
1 80 44
3 89 5
5 73 6
6 97 31
8 97 23
x
4 84 42
7 85 35
x
4 81 20
10 12 38
12 31 13
11 15 44
12 38 29
13 26 44
14 1 30
x
0 65 9
9 51 6
13 10 15
3 58 29
x
4 3 27
1 16 29
7 37 31
13 17 8
12 58 7
2 30 41
8 31 41
0 22 19
10 83 40
15 5 31
8 79 40
12 4 30
x
1 4 22
2 27 38
6 84 37
7 57 5
8 63 27
10 24 8
3 54 25
9 98 24
4 54 3
2 0 3
5 39 17
10 79 9
2 13 30
x
8 40 32
5 85 8
9 68 19
x
x
6 87 24
7 36 41
10 70 0
7 10 8
11 0 16
9 69 10
3 27 31
11 12 24
11 75 3
11 84 34
10 55 28
11 92 2
8 60 23
x
13 4 11
9 5 13
2 62 36
4 12 28
3 44 6
4 0 24
8 38 26
12 26 11
12 34 20
12 60 39
14 5 30
13 22 37
5 17 23
10 3 43
1 62 44
6 9 4
15 9 1
7 44 16
13 80 32
13 16 39
8 59 10
x
x
x
4 67 7
12 98 36
13 93 29
5 49 34
6 34 37
0 37 10
9 81 22
10 7 11
1 35 39
x
11 68 44
0 0 8
5 0 15
x
6 23 18
14 0 13
x
6 6 18
2 57 40
7 16 39
8 96 19
x
15 1 18
x
15 93 21
10 68 32
11 88 6
0 98 15
x
12 78 5
9 10 0
10 41 6
12 49 32
13 81 11
11 33 39
x
1 20 26
12 94 19
1 6 32
14 31 20
2 71 25
7 35 3
1 0 14
11 53 42
x
x
9 1 43
13 49 1
12 17 39
x
14 51 43
4 41 0
15 85 38
15 51 17
0 96 33
1 75 36
8 21 32
0 50 33
x
13 13 40
3 31 5
3 79 17
14 4 23
x
1 30 27
4 25 31
1 31 14
3 63 24
4 16 16
2 74 1
8 11 23
5 37 32
7 24 27
x
x
5 67 14
7 98 2
0 46 28
2 67 0
3 45 42
3 85 27
8 52 13
7 70 43
5 31 4
x
13 33 33
10 40 41
14 3 44
10 75 19
1 28 41
6 62 3
14 10 44
3 95 7
15 18 30
15 35 4
0 43 16
9 15 39
12 90 42
7 80 39
4 75 6
8 99 43
9 38 18
5 22 34
x
3 82 25
x
10 90 18
10 20 27
1 90 41
x
7 53 10
13 74 33
11 18 5
12 64 23
6 8 31
2 49 23
11 28 23
6 35 15
11 19 15
13 28 36
14 29 34
6 46 14
11 24 30
5 25 5
x
4 58 2
5 87 21
7 63 43
2 14 43
x
12 73 12
x
9 25 0
12 88 33
9 43 16
12 87 41
9 33 12
10 60 19
13 43 8
10 18 17
14 96 33
15 80 21
x
14 70 0
12 21 13
x
13 31 4
11 36 17
13 15 37
0 62 31
14 35 26
x
14 6 19
7 18 15
10 78 44
8 75 3
3 61 0
14 22 4
x
15 15 30
13 38 38
9 48 13
11 69 32
4 91 17
15 40 19
0 17 39
6 19 37
14 17 35
5 55 31
12 92 30
15 24 37
14 64 32
1 57 16
13 65 13
x
0 4 14
14 89 8
x
12 0 31
13 56 32
0 29 13
x
1 34 33
x
x
13 1 9
x
2 40 7
x
5 14 21
7 75 1
12 46 29
x
0 60 39
1 55 40
15 28 3
1 46 4
5 45 3
8 72 13
x
3 6 6
8 26 18
3 10 31
9 93 40
11 49 25
14 47 6
15 46 22
1 11 42
5 60 44
15 72 31
9 66 28
x
10 30 39
12 68 36
2 94 12
5 35 30
9 83 5
6 42 24
2 72 11
3 36 29
1 40 24
4 35 21
8 33 25
x
6 51 19
4 8 1
6 27 24
x
3 73 28
15 10 44
10 50 0
7 87 35
x
x
1 70 4
x
x
6 59 36
5 40 6
2 64 23
6 78 8
7 52 36
6 30 8
9 24 6
7 28 18
x
0 90 3
14 65 19
0 12 22
8 5 40
7 7 41
4 50 20
10 33 7
x
x
8 17 32
9 36 17
4 65 31
x
x
4 74 38
8 85 21
0 11 23
x
x
3 47 41
6 94 28
11 9 26
x
8 68 44
12 33 30
5 62 14
9 62 36
9 67 10
9 7 23
4 60 27
x
x
10 31 42
15 57 8
6 11 35
6 16 13
7 15 10
13 60 35
8 1 33
13 58 32
2 7 27
7 41 9
8 84 30
3 2 38
5 91 24
10 99 28
5 84 4
13 18 36
7 0 17
3 20 40
5 54 42
1 95 35
9 53 35
8 44 14
9 79 4
14 87 15
x
10 63 28
10 85 7
11 58 10
14 53 22
15 68 1
6 99 32
x
10 89 40
12 8 2
15 54 29
10 96 24
0 64 44
11 91 5
11 79 7
13 6 40
2 90 17
x
5 5 9
2 82 26
5 29 42
14 74 35
3 14 40
14 99 6
6 92 42
7 72 6
15 84 22
x
x
9 0 24
x
x
12 96 36
0 34 37
x
x
7 27 36
11 44 5
13 90 36
x
15 0 14
14 42 30
8 86 41
1 45 40
15 44 44
0 57 44
0 48 43
x
x
9 86 33
15 91 1
2 35 43
x
1 89 4
8 92 2
4 94 35
5 94 19
15 60 7
2 77 25
3 23 4
9 28 9
14 28 30
5 6 40
x
10 57 11
x
x
3 67 2
7 59 34
11 41 38
10 44 29
7 82 32
12 54 36
x
4 64 32
0 52 0
14 38 20
13 0 20
0 87 43
x
12 44 43
1 77 2
9 95 20
x
11 90 6
0 32 21
11 96 11
3 39 26
x
10 34 23
2 9 20
11 63 22
9 77 14
4 31 37
6 66 15
13 86 34
15 88 16
4 78 2
3 0 6
13 53 29
x
x
x
7 20 34
x
10 37 24
10 2 22
8 51 37
12 83 33
