0 94 16
6 79 32
0 8 29
x
3 19 14
9 58 16
x
1 25 37
2 45 1
x
2 86 36
15 32 9
x
15 41 34
14 58 36
4 89 39
15 55 35
0 77 28
2 23 30
10 11 43
11 72 36
x
x
1 49 16
2 2 17
2 99 37
x
x
13 70 29
2 19 18
6 39 15
10 25 43
6 57 10
x
3 16 10
4 46 8
x
12 10 9
0 74 19
x
3 75 5
13 95 30
5 84 32
x
3 48 32
6 54 29
14 92 24
10 49 42
11 81 40
13 35 25
4 19 3
13 79 12
15 98 8
9 75 3
1 84 33
10 0 11
14 77 32
7 65 37
5 2 28
6 0 20
0 68 39
15 64 20
4 82 0
5 93 17
5 9 33
0 25 3
7 31 2
14 82 2
x
8 6 11
15 65 22
x
1 8 19
x
x
3 88 8
x
4 43 9
4 29 11
7 48 39
2 20 14
x
x
3 50 3
13 8 2
x
9 20 28
x
6 76 35
5 78 41
0 82 10
1 99 27
7 3 13
5 68 15
2 56 28
7 78 9
x
4 24 33
0 14 39
14 13 14
8 49 20
1 87 16
4 95 35
8 0 19
x
11 5 41
15 22 19
9 90 25
8 58 4
6 70 40
5 97 4
x
2 63 21
15 75 21
7 93 14
12 42 35
0 41 18
12 12 6
x
7 88 17
2 51 39
x
1 80 41
3 89 2
5 73 42
6 97 34
8 97 25
x
4 84 13
7 85 24
x
4 45 6
10 12 38
12 31 20
11 15 36
12 38 23
13 26 43
14 1 13
x
0 65 25
9 51 34
13 10 6
3 58 23
x
4 3 38
1 16 0
7 37 40
13 17 12
12 58 37
2 30 27
8 31 23
0 22 12
10 83 24
15 5 31
8 79 33
12 4 43
x
1 4 5
2 27 42
6 84 39
7 57 38
8 63 35
10 24 12
3 54 35
9 98 40
4 54 25
2 0 3
5 39 36
10 79 42
2 13 6
8 12 16
8 40 34
5 85 35
9 68 38
x
x
6 87 22
7 36 23
10 70 0
7 10 10
11 0 21
9 69 2
3 27 22
11 12 35
11 75 44
11 84 10
10 55 7
11 92 24
8 60 37
x
13 4 23
9 5 43
2 62 25
4 12 5
4 64 33
4 0 9
8 38 38
12 26 36
12 34 8
12 60 32
14 5 33
13 22 16
5 17 24
10 3 6
1 66 34
6 9 14
15 9 10
7 44 11
13 80 12
13 16 26
8 59 36
x
x
x
4 73 30
12 98 34
13 93 31
5 49 44
x
0 37 27
9 81 30
10 7 13
1 35 18
x
11 68 27
0 0 7
5 0 7
x
6 23 18
14 0 8
x
6 6 0
2 57 40
7 16 15
8 96 28
x
15 1 34
x
15 93 20
10 68 42
11 88 12
0 98 17
x
12 78 27
9 10 32
10 41 6
12 49 31
13 81 40
11 33 1
1 62 19
1 20 44
12 94 23
1 6 11
14 31 34
2 71 31
7 35 11
1 0 28
11 53 5
x
x
9 1 3
13 49 34
12 17 8
x
14 51 22
4 41 2
15 85 22
15 51 17
0 96 0
1 75 7
8 25 12
0 50 21
x
13 13 38
3 31 8
3 79 37
14 4 34
x
1 30 12
4 25 28
1 31 41
3 63 6
4 16 37
2 74 36
x
5 37 12
7 24 0
x
x
5 67 7
7 98 20
0 46 22
2 67 5
3 45 19
3 85 18
8 52 43
7 70 5
5 31 16
x
13 33 9
10 40 2
x
10 75 37
1 28 5
6 62 33
14 10 0
3 95 12
15 18 44
15 35 12
0 43 7
9 15 38
12 90 25
7 80 30
4 76 27
8 99 13
9 38 21
5 22 37
x
3 82 13
x
10 90 14
10 20 37
1 90 30
x
7 53 30
13 74 41
11 18 22
12 64 43
6 8 20
2 49 43
11 28 1
6 35 0
11 19 9
13 28 32
14 29 20
6 46 42
11 24 18
5 25 39
x
4 58 17
5 87 38
7 63 4
2 14 9
x
12 73 26
3 73 30
9 25 22
12 88 37
9 43 10
12 87 19
9 33 41
10 60 44
13 43 1
10 18 22
14 96 34
15 80 7
8 16 6
14 70 17
12 21 23
x
13 31 0
11 36 25
13 15 19
0 62 11
14 35 26
3 38 33
14 6 13
7 18 39
10 78 12
8 75 13
3 61 15
14 22 28
x
15 15 26
13 38 10
9 48 7
11 69 31
4 91 15
15 40 1
0 17 25
6 19 14
14 17 11
5 55 17
12 92 41
15 24 29
14 64 3
1 57 23
13 65 18
x
0 4 16
14 89 44
x
12 0 12
13 56 36
0 29 40
x
1 34 30
x
x
13 1 23
x
2 40 44
x
5 14 26
7 75 22
12 46 29
x
0 60 27
1 55 29
15 28 7
1 46 3
5 45 19
8 72 42
x
3 6 39
8 26 29
3 10 40
9 93 22
11 49 17
14 47 22
15 46 37
1 11 1
5 60 24
15 72 11
9 66 33
x
10 30 38
12 68 20
2 94 35
5 35 7
9 83 18
6 42 26
2 72 1
3 36 20
1 40 26
4 35 23
8 33 10
x
6 51 7
4 8 12
6 27 14
x
x
15 10 25
10 50 33
7 87 12
4 67 29
x
1 70 4
x
x
6 59 21
5 40 32
2 64 4
6 78 27
7 52 3
6 30 15
9 24 14
7 28 9
x
0 90 5
14 65 43
0 12 10
8 5 41
7 7 33
4 50 27
10 33 2
x
x
8 21 31
9 36 23
x
x
x
4 75 29
8 85 17
0 11 4
x
x
3 47 21
6 94 6
11 9 40
x
8 68 9
12 33 34
5 62 3
9 62 1
9 67 43
9 7 15
4 60 11
14 3 41
x
10 31 4
15 57 0
6 11 31
6 16 23
7 15 22
13 60 8
8 1 16
13 58 2
2 7 19
7 41 21
8 84 9
3 2 23
5 91 36
10 99 34
x
13 18 6
7 0 25
3 20 15
5 54 2
1 95 24
9 53 5
8 44 28
9 79 2
14 87 8
x
10 63 27
10 85 19
11 58 44
14 53 42
15 68 2
6 99 26
x
10 89 11
12 8 9
15 54 20
10 96 4
0 64 24
11 91 16
11 79 38
13 6 0
2 90 28
x
5 5 31
2 82 33
5 29 1
14 74 38
3 14 1
14 99 18
6 92 13
7 72 31
15 84 20
x
4 65 0
9 0 6
x
x
12 96 18
0 34 23
x
x
7 27 35
11 44 19
13 90 0
x
15 0 36
14 42 4
8 86 24
1 45 24
15 44 32
0 57 10
0 48 31
x
x
9 86 25
15 91 5
2 35 21
x
1 89 3
8 92 15
4 94 43
5 94 31
15 60 13
2 77 14
3 23 32
9 28 11
14 28 42
5 6 5
x
10 57 33
x
x
3 67 30
7 59 20
11 41 21
10 44 8
7 82 42
12 54 29
x
4 72 17
0 52 41
14 38 39
13 0 3
0 87 4
x
12 44 34
1 77 29
9 95 4
x
11 90 26
0 32 4
11 96 7
3 40 6
x
10 34 35
2 9 26
11 63 43
9 77 25
4 31 36
6 66 3
13 86 26
15 88 19
4 79 6
3 0 31
13 53 12
8 9 33
6 34 10
x
7 20 27
x
10 37 19
10 2 13
8 51 17
12 83 15
