0 94 14
6 79 2
0 8 19
x
3 19 41
9 58 2
x
1 25 29
2 45 14
x
2 86 18
15 32 37
x
15 41 21
14 58 33
4 89 21
15 55 2
0 77 23
2 23 24
10 11 12
11 72 9
x
x
1 49 19
2 2 1
2 99 2
x
x
13 70 7
2 19 30
6 39 27
10 25 28
6 57 27
x
3 16 27
4 46 25
x
12 10 31
0 74 3
x
3 75 32
13 95 44
5 84 38
x
3 48 44
6 54 4
14 92 38
10 49 35
11 81 42
13 35 21
4 19 35
13 79 15
15 98 36
9 75 36
1 84 17
10 0 27
14 77 15
7 65 1
5 2 40
6 0 8
0 68 35
15 64 7
4 82 15
5 93 9
5 9 39
0 25 12
7 31 26
14 82 38
x
8 6 10
15 65 2
x
1 8 4
x
x
3 88 4
x
4 43 1
4 29 4
7 48 13
2 20 43
x
x
3 50 5
13 8 38
x
9 20 12
x
6 76 23
5 78 23
0 82 44
1 99 22
7 3 9
5 68 11
2 56 1
7 78 8
x
4 24 6
0 14 32
14 13 29
8 49 43
1 87 20
4 95 5
8 0 30
x
11 5 37
15 22 0
9 90 17
8 58 31
6 70 25
5 97 30
x
2 63 32
15 75 22
7 93 22
12 42 0
0 41 12
12 12 17
x
7 88 31
2 51 2
x
1 80 34
3 89 41
5 73 12
6 97 44
8 97 9
x
4 84 33
7 85 24
x
4 45 39
10 12 8
12 31 18
11 15 34
12 38 42
13 26 18
14 1 11
x
0 65 21
9 51 3
13 10 10
3 58 44
x
4 3 17
1 16 43
7 37 21
13 17 15
12 58 4
2 30 12
8 31 35
0 22 41
10 83 38
15 5 6
8 79 8
12 4 11
x
1 4 39
2 27 19
6 84 24
7 57 15
8 63 7
10 24 16
3 54 40
9 98 25
4 54 0
2 0 37
5 39 32
10 79 33
2 13 39
8 12 10
8 40 15
5 85 14
9 68 12
x
x
6 87 3
7 36 44
10 70 16
7 10 15
11 0 39
9 69 19
3 27 28
11 12 27
11 75 23
11 84 25
10 55 17
11 92 18
8 60 37
x
13 4 27
9 5 30
2 62 3
4 12 20
4 64 33
4 0 30
8 38 32
12 26 35
12 34 13
12 60 37
14 5 12
13 22 39
5 17 4
10 3 10
1 66 23
6 9 20
15 9 20
7 44 20
13 80 0
13 16 17
8 59 8
x
x
x
4 73 4
12 98 23
13 93 28
5 49 1
x
0 37 38
9 81 21
10 7 25
1 35 3
x
11 68 39
0 0 4
5 0 14
x
6 23 30
14 0 31
x
6 6 35
2 57 36
7 16 40
8 96 31
x
15 1 35
x
15 93 11
10 68 43
11 88 1
0 98 13
x
12 78 5
9 10 22
10 41 38
12 49 25
13 81 5
11 33 8
1 62 16
1 20 13
12 94 27
1 6 20
14 31 14
2 71 32
7 35 2
1 0 12
11 53 11
x
x
9 1 15
13 49 35
12 17 33
x
14 51 31
4 41 11
15 85 18
15 51 32
0 96 21
1 75 38
8 25 38
0 50 28
x
13 13 35
3 31 22
3 79 6
14 4 24
x
1 30 44
4 25 28
1 31 28
3 63 13
4 16 19
2 74 40
x
5 37 31
7 24 10
x
x
5 67 33
7 98 2
0 46 21
2 67 29
3 45 13
3 85 39
8 52 5
7 70 27
5 31 8
x
13 33 17
10 40 41
x
10 75 41
1 28 38
6 62 0
14 10 40
3 95 32
15 18 31
15 35 21
0 43 10
9 15 16
12 90 22
7 80 14
4 76 34
8 99 17
9 38 20
5 22 7
x
3 82 12
x
10 90 14
10 20 24
1 90 27
x
7 53 42
13 74 9
11 18 30
12 64 6
6 8 0
2 49 37
11 28 16
6 35 32
11 19 33
13 28 3
14 29 5
6 46 6
11 24 26
5 25 21
x
4 58 23
5 87 37
7 63 38
2 14 44
x
12 73 19
3 73 31
9 25 7
12 88 2
9 43 1
12 87 13
9 33 34
10 60 1
13 43 41
10 18 18
14 96 34
15 80 41
8 16 41
14 70 6
12 21 24
x
13 31 26
11 36 40
13 15 14
0 62 16
14 35 27
3 38 25
14 6 43
7 18 40
10 78 7
8 75 28
3 61 0
14 22 42
x
15 15 4
13 38 16
9 48 31
11 69 29
4 91 6
15 40 16
0 17 23
6 19 17
14 17 9
5 55 26
12 92 37
15 24 34
14 64 2
1 57 21
13 65 13
x
0 4 34
14 89 15
x
12 0 3
13 56 3
0 29 37
x
1 34 40
x
x
13 1 12
x
2 40 0
x
5 14 14
7 75 35
12 46 3
x
0 60 24
1 55 28
15 28 25
1 46 37
5 45 24
8 72 13
x
3 6 7
8 26 36
3 10 18
9 93 27
11 49 10
14 47 23
15 46 9
1 11 30
5 60 16
15 72 7
9 66 15
x
10 30 26
12 68 34
2 94 32
5 35 43
9 83 32
6 42 29
2 72 43
3 36 3
1 40 26
4 35 36
8 33 2
x
6 51 3
4 8 30
6 27 38
x
x
15 10 36
10 50 20
7 87 39
4 67 31
x
1 70 40
x
x
6 59 18
5 40 3
2 64 15
6 78 44
7 52 28
6 30 26
9 24 10
7 28 23
x
0 90 18
14 65 3
0 12 10
8 5 27
7 7 19
4 50 1
10 33 41
x
x
8 21 41
9 36 2
x
x
x
4 75 4
8 85 42
0 11 11
x
x
3 47 42
6 94 44
11 9 4
x
8 68 17
12 33 25
5 62 24
9 62 11
9 67 4
9 7 1
4 60 42
14 3 5
x
10 31 38
15 57 41
6 11 31
6 16 13
7 15 19
13 60 0
8 1 32
13 58 10
2 7 10
7 41 2
8 84 19
3 2 12
5 91 0
10 99 6
x
13 18 43
7 0 44
3 20 5
5 54 37
1 95 6
9 53 14
8 44 33
9 79 42
14 87 20
x
10 63 7
10 85 15
11 58 1
14 53 36
15 68 43
6 99 26
x
10 89 22
12 8 39
15 54 7
10 96 42
0 64 6
11 91 32
11 79 31
13 6 7
2 90 39
x
5 5 17
2 82 38
5 29 43
14 74 31
3 14 29
14 99 8
6 92 10
7 72 30
15 84 29
x
4 65 42
9 0 3
x
x
12 96 14
0 34 4
x
x
7 27 38
11 44 0
13 90 29
x
15 0 25
14 42 26
8 86 40
1 45 14
15 44 33
0 57 28
0 48 23
x
x
9 86 42
15 91 15
2 35 8
x
1 89 21
8 92 6
4 94 38
5 94 40
15 60 4
2 77 22
3 23 34
9 28 10
14 28 39
5 6 44
x
10 57 43
x
x
3 67 30
7 59 18
11 41 41
10 44 29
7 82 5
12 54 11
x
4 72 44
0 52 16
14 38 16
13 0 41
0 87 27
x
12 44 27
1 77 11
9 95 36
x
11 90 7
0 32 24
11 96 25
3 40 20
x
10 34 27
2 9 44
11 63 28
9 77 7
4 31 9
6 66 39
13 86 24
15 88 29
4 79 22
3 0 42
13 53 37
8 9 30
6 34 4
x
7 20 17
x
10 37 9
10 2 5
8 51 26
12 83 20
