0 94 1
6 79 40
0 8 25
0 74 15
3 19 0
9 58 18
x
1 25 36
2 45 12
x
2 86 1
15 32 8
x
15 41 16
14 58 5
4 89 35
15 55 23
0 77 16
2 23 10
10 11 25
11 72 25
x
x
1 49 17
2 2 44
2 99 15
x
x
13 70 20
2 19 41
6 39 13
10 25 9
6 57 43
x
3 16 31
4 46 27
x
12 10 23
x
x
3 75 5
13 95 16
4 45 25
8 22 1
3 48 6
6 54 43
14 92 24
10 49 4
11 81 11
13 35 43
4 19 43
13 79 39
15 98 41
9 75 44
1 84 26
10 0 6
14 77 44
7 65 16
5 2 29
6 0 18
0 68 7
15 64 26
4 82 15
5 93 20
5 9 44
0 25 41
7 31 9
14 82 8
x
8 6 14
15 65 5
x
1 8 27
x
x
3 88 26
1 66 27
4 43 12
4 29 25
7 48 44
2 20 10
4 69 36
x
3 50 27
13 8 29
x
9 20 37
x
6 76 28
5 78 42
0 82 20
1 99 19
7 3 33
5 68 39
2 56 31
7 78 21
x
4 24 34
0 14 19
14 13 20
8 49 27
1 87 8
4 95 3
8 0 15
x
11 5 3
15 22 20
9 90 20
8 58 37
6 70 2
5 97 30
8 14 18
2 63 39
15 75 23
7 93 26
12 42 21
0 41 42
12 12 42
x
7 88 10
2 51 19
x
1 80 37
3 89 30
5 73 22
6 97 31
8 97 12
x
4 84 33
7 85 37
x
4 81 17
10 12 10
12 31 29
11 15 2
12 38 25
13 26 0
14 1 29
x
0 65 14
9 51 15
13 10 8
3 58 0
x
4 3 20
1 16 24
7 37 34
13 17 25
12 58 26
2 30 15
8 31 32
0 22 9
10 83 28
15 5 20
8 79 34
12 4 37
x
1 4 7
2 27 26
6 84 28
7 57 18
8 63 35
10 24 20
3 54 24
9 98 11
4 54 35
2 0 29
5 39 10
10 79 14
2 13 42
x
8 40 12
5 85 10
9 68 8
x
x
6 87 14
7 36 14
10 70 44
7 10 6
11 0 22
9 69 2
3 27 36
11 12 4
11 75 38
11 84 37
10 55 11
11 92 18
8 60 31
x
13 4 39
9 5 32
2 62 11
4 12 6
3 44 6
4 0 26
8 38 19
12 26 19
12 34 8
12 60 40
14 5 26
13 22 10
5 17 25
10 3 34
1 62 13
6 9 9
15 9 22
7 44 13
13 80 42
13 16 31
8 59 15
x
x
x
4 67 14
12 98 40
13 93 5
5 49 33
6 34 38
0 37 35
9 81 0
10 7 33
1 35 30
x
11 68 16
0 0 38
5 0 43
x
6 23 11
14 0 17
x
6 6 21
2 57 40
7 16 27
8 96 13
x
15 1 21
x
15 93 31
10 68 12
11 88 40
0 98 29
x
12 78 28
9 10 38
10 41 11
12 49 0
13 81 14
11 33 41
x
1 20 21
12 94 41
1 6 11
14 31 17
2 71 5
7 35 11
1 0 37
11 53 27
x
x
9 1 36
13 49 1
12 17 12
x
14 51 24
4 41 27
15 85 37
15 51 30
0 96 2
1 75 11
8 21 29
0 50 40
x
13 13 32
3 31 32
3 79 10
14 4 17
x
1 30 34
4 25 39
1 31 18
3 63 27
4 16 38
2 74 8
8 11 22
5 37 32
7 24 0
x
x
5 67 34
7 98 8
0 46 5
2 67 0
3 45 2
3 85 20
8 52 6
7 70 28
5 31 26
x
13 33 11
10 40 8
14 3 5
10 75 19
1 28 35
6 62 29
14 10 33
3 95 3
15 18 36
15 35 7
0 43 34
9 15 31
12 90 4
7 80 44
4 75 22
8 99 18
9 38 39
5 22 27
x
3 82 4
x
10 90 0
10 20 13
1 90 40
x
7 53 43
13 74 31
11 18 6
12 64 30
6 8 35
2 49 23
11 28 24
6 35 27
11 19 40
13 28 9
14 29 9
6 46 9
11 24 35
5 25 7
x
4 58 8
5 87 12
7 63 13
2 14 36
x
12 73 32
x
9 25 12
12 88 18
9 43 4
12 87 29
9 33 6
10 60 44
13 43 17
10 18 17
14 96 15
15 80 0
x
14 70 21
12 21 34
x
13 31 4
11 36 34
13 15 42
0 62 40
14 35 27
x
14 6 41
7 18 12
10 78 32
8 75 21
3 61 42
14 22 2
x
15 15 42
13 38 12
9 48 5
11 69 37
4 91 8
15 40 6
0 17 3
6 19 42
14 17 43
5 55 11
12 92 15
15 24 32
14 64 40
1 57 23
13 65 28
x
0 4 19
14 89 25
x
12 0 4
13 56 5
0 29 4
x
1 34 25
x
x
13 1 23
x
2 40 3
x
5 14 35
7 75 28
12 46 33
x
0 60 0
1 55 18
15 28 16
1 46 39
5 45 29
8 72 4
x
3 6 1
8 26 33
3 10 34
9 93 15
11 49 9
14 47 28
15 46 24
1 11 33
5 60 7
15 72 30
9 66 22
x
10 30 12
12 68 1
2 94 17
5 35 38
9 83 20
6 42 1
2 72 35
3 36 3
1 40 2
4 35 21
8 33 14
x
6 51 30
4 8 23
6 27 5
x
3 73 9
15 10 4
10 50 42
7 87 27
x
x
1 70 29
x
x
6 59 13
5 40 41
2 64 35
6 78 40
7 52 40
6 30 28
9 24 15
7 28 42
x
0 90 24
14 65 6
0 12 29
8 5 41
7 7 4
4 50 44
10 33 11
x
x
8 17 41
9 36 37
4 65 44
x
x
4 74 34
8 85 2
0 11 15
x
x
3 47 16
6 94 0
11 9 13
x
8 68 9
12 33 1
5 62 18
9 62 35
9 67 11
9 7 1
4 60 1
x
x
10 31 21
15 57 36
6 11 41
6 16 38
7 15 36
13 60 13
8 1 30
13 58 18
2 7 8
7 41 24
8 84 1
3 2 22
5 91 17
10 99 32
5 84 4
13 18 19
7 0 24
3 20 43
5 54 14
1 95 15
9 53 13
8 44 22
9 79 29
14 87 11
x
10 63 42
10 85 7
11 58 26
14 53 16
15 68 9
6 99 26
x
10 89 34
12 8 4
15 54 33
10 96 21
0 64 12
11 91 21
11 79 39
13 6 32
2 90 39
x
5 5 28
2 82 36
5 29 32
14 74 40
3 14 37
14 99 33
6 92 5
7 72 25
15 84 11
x
x
9 0 25
x
x
12 96 14
0 34 39
x
x
7 27 22
11 44 44
13 90 37
x
15 0 8
14 42 36
8 86 23
1 45 3
15 44 38
0 57 5
0 48 17
x
x
9 86 25
15 91 22
2 35 28
x
1 89 36
8 92 38
4 94 37
5 94 23
15 60 14
2 77 6
3 23 7
9 28 7
14 28 19
5 6 5
x
10 57 23
x
x
3 67 29
7 59 7
11 41 5
10 44 16
7 82 22
12 54 13
x
4 64 33
0 52 17
14 38 11
13 0 10
0 87 14
x
12 44 24
1 77 15
9 95 10
x
11 90 33
0 32 34
11 96 15
3 39 43
x
10 34 22
2 9 38
11 63 43
9 77 29
4 31 19
6 66 32
13 86 39
15 88 26
4 78 31
3 0 5
13 53 8
x
x
x
7 20 41
x
10 37 31
10 2 31
8 51 30
12 83 3
x
