0 94 0
6 79 0
0 8 30
0 74 17
3 19 15
9 58 32
x
1 25 25
2 45 34
x
2 86 44
15 32 19
x
15 41 42
14 58 21
4 89 30
15 55 44
0 77 41
2 23 2
10 11 21
11 72 22
x
x
1 49 40
2 2 44
2 99 29
x
x
13 70 34
2 19 42
6 39 21
10 25 7
6 57 12
x
3 16 37
4 46 31
x
12 10 13
x
x
3 75 43
13 95 35
4 45 29
8 22 17
3 48 15
6 54 22
14 92 14
10 49 24
11 81 38
13 35 44
4 19 27
13 79 3
15 98 3
9 75 44
1 84 25
10 0 33
14 77 7
7 65 23
5 2 29
6 0 20
0 68 15
15 64 40
4 82 19
5 93 4
5 9 17
0 25 5
7 31 14
14 82 38
x
8 6 16
15 65 5
x
1 8 11
x
x
3 88 34
1 66 19
4 43 26
4 29 34
7 48 42
2 20 25
4 69 39
x
3 50 0
13 8 0
x
9 20 25
x
6 76 27
5 78 32
0 82 1
1 99 13
7 3 11
5 68 10
2 56 28
7 78 10
x
4 24 40
0 14 23
14 13 28
8 49 44
1 87 8
4 95 9
8 0 27
x
11 5 2
15 22 15
9 90 10
8 58 34
6 70 18
5 97 20
8 14 11
2 63 32
15 75 27
7 93 15
12 42 20
0 41 17
12 12 24
x
7 88 21
2 51 26
x
1 80 31
3 89 10
5 73 39
6 97 23
8 97 2
x
4 84 35
7 85 13
x
4 81 7
10 12 22
12 31 44
11 15 16
12 38 34
13 26 13
14 1 8
x
0 65 34
9 51 15
13 10 4
3 58 30
x
4 3 2
1 16 0
7 37 20
13 17 39
12 58 2
2 30 24
8 31 22
0 22 19
10 83 2
15 5 4
8 79 29
12 4 27
x
1 4 40
2 27 1
6 84 4
7 57 36
8 63 37
10 24 5
3 54 39
9 98 26
4 54 13
2 0 19
5 39 33
10 79 4
2 13 16
x
8 40 10
5 85 34
9 68 25
x
x
6 87 6
7 36 9
10 70 24
7 10 9
11 0 5
9 69 18
3 27 16
11 12 7
11 75 34
11 84 21
10 55 41
11 92 38
8 60 39
x
13 4 4
9 5 39
2 62 31
4 12 17
3 44 3
4 0 5
8 38 43
12 26 18
12 34 22
12 60 26
14 5 37
13 22 44
5 17 44
10 3 8
1 62 35
6 9 22
15 9 43
7 44 25
13 80 4
13 16 30
8 59 8
x
x
x
4 67 6
12 98 34
13 93 3
5 49 40
6 34 9
0 37 9
9 81 27
10 7 40
1 35 16
x
11 68 22
0 0 7
5 0 33
x
6 23 9
14 0 27
x
6 6 12
2 57 38
7 16 4
8 96 13
x
15 1 7
x
15 93 6
10 68 40
11 88 43
0 98 2
x
12 78 19
9 10 33
10 41 20
12 49 23
13 81 39
11 33 30
x
1 20 33
12 94 12
1 6 29
14 31 17
2 71 12
7 35 26
1 0 42
11 53 35
x
x
9 1 1
13 49 25
12 17 0
x
14 51 8
4 41 28
15 85 24
15 51 20
0 96 28
1 75 39
8 21 30
0 50 29
x
13 13 26
3 31 23
3 79 12
14 4 3
x
1 30 21
4 25 15
1 31 26
3 63 6
4 16 15
2 74 41
8 11 36
5 37 2
7 24 29
x
x
5 67 29
7 98 42
0 46 16
2 67 13
3 45 33
3 85 17
8 52 27
7 70 3
5 31 18
x
13 33 22
10 40 36
14 3 13
10 75 27
1 28 34
6 62 11
14 10 34
3 95 14
15 18 35
15 35 14
0 43 44
9 15 30
12 90 8
7 80 24
4 75 5
8 99 32
9 38 43
5 22 43
x
3 82 26
x
10 90 1
10 20 3
1 90 6
x
7 53 12
13 74 28
11 18 32
12 64 17
6 8 33
2 49 22
11 28 29
6 35 26
11 19 1
13 28 24
14 29 39
6 46 29
11 24 13
5 25 21
x
4 58 11
5 87 4
7 63 3
2 14 39
x
12 73 12
x
9 25 0
12 88 21
9 43 24
12 87 41
9 33 9
10 60 17
13 43 41
10 18 1
14 96 5
15 80 31
x
14 70 44
12 21 5
x
13 31 36
11 36 40
13 15 31
0 62 32
14 35 13
x
14 6 0
7 18 33
10 78 19
8 75 6
3 61 26
14 22 12
x
15 15 32
13 38 20
9 48 38
11 69 4
4 91 12
15 40 44
0 17 37
6 19 42
14 17 1
5 55 38
12 92 27
15 24 30
14 64 31
1 57 12
13 65 36
x
0 4 3
14 89 43
x
12 0 21
13 56 2
0 29 43
x
1 34 13
x
x
13 1 8
x
2 40 30
x
5 14 35
7 75 17
12 46 18
x
0 60 30
1 55 18
15 28 41
1 46 19
5 45 24
8 72 13
x
3 6 15
8 26 30
3 10 28
9 93 26
11 49 18
14 47 11
15 46 25
1 11 28
5 60 31
15 72 36
9 66 44
x
10 30 20
12 68 7
2 94 20
5 35 9
9 83 17
6 42 25
2 72 26
3 36 24
1 40 3
4 35 33
8 33 14
x
6 51 28
4 8 8
6 27 40
x
3 73 36
15 10 1
10 50 27
7 87 28
x
x
1 70 7
x
x
6 59 3
5 40 8
2 64 40
6 78 32
7 52 0
6 30 8
9 24 8
7 28 41
x
0 90 39
14 65 37
0 12 19
8 5 17
7 7 36
4 50 16
10 33 13
x
x
8 17 36
9 36 23
4 65 0
x
x
4 74 25
8 85 10
0 11 8
x
x
3 47 36
6 94 31
11 9 10
x
8 68 9
12 33 42
5 62 41
9 62 31
9 67 14
9 7 12
4 60 6
x
x
10 31 10
15 57 19
6 11 36
6 16 25
7 15 41
13 60 32
8 1 0
13 58 33
2 7 32
7 41 35
8 84 22
3 2 7
5 91 31
10 99 0
5 84 29
13 18 21
7 0 36
3 20 42
5 54 35
1 95 5
9 53 2
8 44 22
9 79 10
14 87 32
x
10 63 19
10 85 14
11 58 8
14 53 6
15 68 43
6 99 37
x
10 89 21
12 8 38
15 54 9
10 96 26
0 64 36
11 91 28
11 79 2
13 6 22
2 90 15
x
5 5 31
2 82 5
5 29 2
14 74 29
3 14 13
14 99 10
6 92 43
7 72 28
15 84 26
x
x
9 0 44
x
x
12 96 11
0 34 4
x
x
7 27 34
11 44 11
13 90 29
x
15 0 18
14 42 42
8 86 38
1 45 14
15 44 2
0 57 37
0 48 35
x
x
9 86 3
15 91 9
2 35 19
x
1 89 33
8 92 26
4 94 43
5 94 23
15 60 42
2 77 37
3 23 35
9 28 41
14 28 11
5 6 12
x
10 57 38
x
x
3 67 40
7 59 37
11 41 37
10 44 42
7 82 24
12 54 31
x
4 64 30
0 52 16
14 38 4
13 0 18
0 87 31
x
12 44 37
1 77 11
9 95 36
x
11 90 22
0 32 14
11 96 32
3 39 31
x
10 34 19
2 9 16
11 63 23
9 77 36
4 31 23
6 66 33
13 86 43
15 88 11
4 78 14
3 0 10
13 53 18
x
x
x
7 20 10
x
10 37 29
10 2 11
8 51 44
12 83 16
