0 94 42
6 79 37
0 8 3
0 74 17
3 19 13
9 58 28
x
1 25 2
2 45 29
x
2 86 20
15 32 11
x
15 41 44
14 58 9
4 89 16
15 55 10
0 77 2
2 23 36
10 11 21
11 72 34
x
x
1 49 38
2 2 9
2 99 40
x
x
13 70 18
2 19 25
6 39 31
10 25 20
6 57 31
x
3 16 24
4 46 41
x
12 10 25
x
x
3 75 18
13 95 29
4 45 21
8 22 31
3 48 10
6 54 30
14 92 44
10 49 27
11 81 30
13 35 26
4 19 4
13 79 20
15 98 3
9 75 3
1 84 38
10 0 34
14 77 3
7 65 33
5 2 34
6 0 32
0 68 1
15 64 42
4 82 11
5 93 14
5 9 22
0 25 22
7 31 40
14 82 11
x
8 6 25
15 65 42
x
1 8 36
x
x
3 88 35
1 66 41
4 43 38
4 29 0
7 48 16
2 20 21
4 69 38
x
3 50 42
13 8 36
x
9 20 23
x
6 76 19
5 78 43
0 82 23
1 99 1
7 3 13
5 68 15
2 56 26
7 78 5
x
4 24 16
0 14 21
14 13 40
8 49 27
1 87 8
4 95 37
8 0 10
x
11 5 2
15 22 1
9 90 29
8 58 11
6 70 9
5 97 8
8 14 31
2 63 31
15 75 22
7 93 19
12 42 33
0 41 27
12 12 23
x
7 88 12
2 51 42
x
1 80 44
3 89 16
5 73 18
6 97 30
8 97 34
x
4 84 17
7 85 2
x
4 81 11
10 12 28
12 31 42
11 15 38
12 38 43
13 26 11
14 1 31
x
0 65 25
9 51 32
13 10 20
3 58 4
x
4 3 1
1 16 31
7 37 8
13 17 22
12 58 34
2 30 14
8 31 15
0 22 21
10 83 11
15 5 10
8 79 36
12 4 16
x
1 4 25
2 27 18
6 84 5
7 57 20
8 63 40
10 24 2
3 54 2
9 98 21
4 54 13
2 0 11
5 39 17
10 79 35
2 13 21
x
8 40 32
5 85 10
9 68 39
x
x
6 87 3
7 36 36
10 70 18
7 10 15
11 0 0
9 69 38
3 27 26
11 12 8
11 75 13
11 84 28
10 55 44
11 92 4
8 60 2
x
13 4 21
9 5 39
2 62 21
4 12 0
3 44 10
4 0 6
8 38 24
12 26 12
12 34 11
12 60 40
14 5 37
13 22 41
5 17 10
10 3 13
1 62 7
6 9 27
15 9 14
7 44 35
13 80 5
13 16 18
8 59 7
x
x
x
4 67 9
12 98 0
13 93 17
5 49 23
6 34 19
0 37 33
9 81 19
10 7 7
1 35 4
x
11 68 14
0 0 17
5 0 34
x
6 23 26
14 0 41
x
6 6 13
2 57 44
7 16 24
8 96 1
x
15 1 8
x
15 93 5
10 68 36
11 88 37
0 98 34
x
12 78 14
9 10 2
10 41 5
12 49 31
13 81 34
11 33 18
x
1 20 12
12 94 8
1 6 17
14 31 27
2 71 16
7 35 27
1 0 32
11 53 25
x
x
9 1 22
13 49 39
12 17 23
x
14 51 17
4 41 41
15 85 19
15 51 32
0 96 34
1 75 22
8 21 42
0 50 26
x
13 13 30
3 31 3
3 79 13
14 4 8
x
1 30 7
4 25 36
1 31 15
3 63 31
4 16 35
2 74 18
8 11 12
5 37 15
7 24 10
x
x
5 67 1
7 98 42
0 46 19
2 67 17
3 45 25
3 85 27
8 52 9
7 70 43
5 31 5
x
13 33 44
10 40 35
14 3 18
10 75 30
1 28 11
6 62 44
14 10 30
3 95 0
15 18 40
15 35 30
0 43 28
9 15 36
12 90 29
7 80 14
4 75 24
8 99 30
9 38 4
5 22 28
x
3 82 18
x
10 90 32
10 20 34
1 90 19
x
7 53 27
13 74 38
11 18 8
12 64 34
6 8 28
2 49 8
11 28 21
6 35 12
11 19 7
13 28 14
14 29 1
6 46 5
11 24 11
5 25 4
x
4 58 26
5 87 13
7 63 11
2 14 39
x
12 73 15
x
9 25 6
12 88 22
9 43 20
12 87 9
9 33 11
10 60 22
13 43 10
10 18 4
14 96 16
15 80 20
x
14 70 6
12 21 24
x
13 31 32
11 36 40
13 15 38
0 62 16
14 35 17
x
14 6 15
7 18 39
10 78 7
8 75 16
3 61 39
14 22 19
x
15 15 37
13 38 9
9 48 30
11 69 12
4 91 1
15 40 14
0 17 42
6 19 6
14 17 20
5 55 35
12 92 32
15 24 41
14 64 28
1 57 33
13 65 0
x
0 4 41
14 89 35
x
12 0 17
13 56 31
0 29 8
x
1 34 20
x
x
13 1 9
x
2 40 2
x
5 14 31
7 75 5
12 46 19
x
0 60 24
1 55 28
15 28 15
1 46 29
5 45 42
8 72 29
x
3 6 41
8 26 8
3 10 14
9 93 30
11 49 24
14 47 10
15 46 39
1 11 21
5 60 8
15 72 43
9 66 15
x
10 30 21
12 68 25
2 94 30
5 35 0
9 83 26
6 42 23
2 72 0
3 36 7
1 40 23
4 35 43
8 33 13
x
6 51 18
4 8 25
6 27 38
x
3 73 37
15 10 6
10 50 1
7 87 37
x
x
1 70 29
x
x
6 59 0
5 40 24
2 64 35
6 78 44
7 52 6
6 30 23
9 24 23
7 28 17
x
0 90 36
14 65 29
0 12 29
8 5 17
7 7 37
4 50 42
10 33 18
x
x
8 17 12
9 36 39
4 65 39
x
x
4 74 27
8 85 37
0 11 28
x
x
3 47 13
6 94 27
11 9 33
x
8 68 22
12 33 8
5 62 33
9 62 3
9 67 5
9 7 35
4 60 39
x
x
10 31 2
15 57 1
6 11 22
6 16 38
7 15 16
13 60 5
8 1 10
13 58 7
2 7 0
7 41 3
8 84 10
3 2 44
5 91 21
10 99 42
5 84 19
13 18 40
7 0 28
3 20 31
5 54 17
1 95 35
9 53 16
8 44 1
9 79 19
14 87 28
x
10 63 15
10 85 24
11 58 6
14 53 43
15 68 21
6 99 34
x
10 89 18
12 8 4
15 54 31
10 96 41
0 64 14
11 91 30
11 79 5
13 6 24
2 90 28
x
5 5 22
2 82 27
5 29 29
14 74 27
3 14 27
14 99 40
6 92 41
7 72 43
15 84 44
x
x
9 0 14
x
x
12 96 43
0 34 19
x
x
7 27 24
11 44 44
13 90 14
x
15 0 1
14 42 36
8 86 6
1 45 5
15 44 25
0 57 3
0 48 8
x
x
9 86 29
15 91 37
2 35 32
x
1 89 29
8 92 33
4 94 9
5 94 3
15 60 11
2 77 31
3 23 12
9 28 25
14 28 23
5 6 16
x
10 57 26
x
x
3 67 37
7 59 26
11 41 39
10 44 14
7 82 21
12 54 42
x
4 64 38
0 52 26
14 38 7
13 0 11
0 87 24
x
12 44 6
1 77 23
9 95 1
x
11 90 41
0 32 12
11 96 27
3 39 22
x
10 34 31
2 9 7
11 63 37
9 77 30
4 31 33
6 66 34
13 86 13
15 88 7
4 78 6
3 0 35
13 53 4
x
x
x
7 20 7
x
10 37 26
10 2 23
8 51 39
12 83 20
x
