1 40 5
0 56 31
0 8 38
x
5 5 37
6 66 15
x
1 25 40
2 45 17
x
15 92 1
10 63 30
x
7 57 9
14 58 28
3 24 44
15 55 10
12 0 39
2 26 12
7 21 39
8 49 29
x
x
1 49 3
13 2 43
2 99 32
x
x
9 58 43
8 99 40
4 45 35
3 3 30
4 87 2
x
3 16 9
11 42 13
x
11 68 24
1 71 40
x
4 67 35
13 95 1
8 72 13
x
3 48 8
14 40 9
10 8 21
3 58 27
5 61 44
4 92 30
4 19 0
6 49 16
15 98 16
11 0 6
7 48 38
13 0 4
15 34 4
6 55 22
x
6 0 0
0 68 20
0 1 39
8 92 27
9 66 26
12 51 32
2 20 30
7 31 22
7 63 20
8 18 31
8 6 31
8 61 3
x
13 58 29
x
x
3 91 7
5 10 11
4 43 31
7 7 27
14 73 8
14 81 39
10 54 8
x
0 30 29
13 56 19
x
9 20 24
x
1 79 14
5 78 5
14 68 21
1 99 23
9 52 21
2 90 34
2 56 18
3 50 14
x
4 64 40
4 74 17
5 93 40
4 41 37
4 51 37
4 95 9
15 57 16
x
5 69 1
7 80 1
0 85 21
9 90 22
6 70 9
5 97 32
x
7 35 5
11 70 27
7 93 16
5 45 1
12 93 16
3 19 14
x
7 88 42
13 69 42
x
5 57 2
14 91 42
15 75 42
2 54 42
8 97 25
x
6 50 34
3 92 43
x
6 81 30
10 12 38
7 76 32
11 15 25
12 38 23
13 26 4
14 1 10
x
9 95 35
10 40 42
4 48 37
11 30 29
x
15 63 18
11 19 22
7 36 43
8 48 16
11 81 35
12 78 10
14 29 15
6 82 22
0 74 21
15 5 34
8 79 36
0 76 7
x
10 26 31
x
8 0 23
9 75 30
5 73 13
x
11 7 35
9 98 24
12 29 44
8 26 30
10 0 16
10 79 31
11 83 39
1 67 22
14 77 0
13 17 19
6 98 31
x
x
1 9 24
4 66 10
15 58 2
2 30 13
11 2 3
9 69 27
13 34 35
11 12 41
11 75 10
0 23 44
x
7 82 25
3 54 12
x
1 0 32
2 24 25
11 18 28
14 14 30
13 82 39
1 84 34
2 76 20
12 24 16
12 34 8
4 81 10
13 81 18
13 22 6
7 43 14
4 6 43
5 6 23
10 37 4
14 99 36
12 10 21
1 87 18
13 16 35
13 9 28
x
x
x
2 0 44
8 66 27
9 67 36
2 2 32
3 67 29
0 37 2
4 57 23
5 84 37
1 35 33
4 0 5
1 28 5
0 2 14
15 22 36
8 14 25
0 64 19
14 0 36
x
4 1 12
2 57 31
1 18 5
2 35 29
x
15 1 5
x
10 18 5
0 21 11
6 89 4
0 98 15
x
7 10 15
3 26 6
4 13 7
6 39 6
9 4 11
1 2 10
5 19 12
1 20 17
12 94 2
4 85 23
2 15 24
2 71 36
4 29 29
0 52 39
6 24 37
x
x
6 85 23
7 16 10
7 53 17
x
8 95 37
2 49 33
10 1 37
9 12 29
10 42 36
11 79 2
5 39 22
11 87 41
x
8 41 7
3 31 35
0 13 28
6 35 21
x
13 86 8
x
11 55 26
3 63 3
4 16 5
10 68 24
x
5 37 1
5 0 35
x
x
3 96 7
7 98 3
11 95 3
12 96 35
15 86 41
11 84 8
8 52 43
5 67 42
14 53 13
x
8 64 28
12 92 5
x
7 68 29
10 52 5
15 46 20
9 79 12
13 90 13
10 4 11
3 38 25
12 75 20
7 22 2
1 62 29
0 96 30
8 31 8
1 29 30
9 38 28
13 83 26
x
2 12 25
x
9 15 22
x
13 29 7
x
1 5 12
13 74 27
8 3 23
4 2 27
3 65 9
14 12 39
12 5 19
5 50 2
10 90 2
8 58 15
13 7 20
8 36 26
11 24 26
3 43 19
x
15 96 11
0 43 26
5 31 21
12 14 37
x
10 71 25
15 84 40
7 60 40
12 88 7
13 10 11
11 23 32
2 51 23
12 48 15
13 43 23
8 84 44
14 96 7
15 80 24
x
9 0 3
12 19 34
1 74 15
12 73 37
3 86 29
13 15 10
0 61 20
5 28 30
1 65 10
14 8 25
1 55 36
5 35 22
2 67 1
15 20 38
14 22 44
x
15 17 14
12 83 6
7 1 30
6 63 40
1 93 2
6 6 16
0 80 4
3 59 39
13 38 0
12 61 44
7 78 1
14 18 32
14 28 25
1 57 39
9 28 14
x
15 24 0
10 76 9
x
3 77 0
x
0 27 38
x
0 7 14
8 22 0
8 9 21
4 71 13
x
2 40 6
x
1 81 10
4 89 11
6 36 16
x
7 51 31
2 62 15
15 28 22
1 46 16
10 59 10
6 21 38
x
10 96 40
x
3 8 33
7 74 3
9 91 33
11 51 32
14 48 26
15 41 29
12 66 9
13 66 40
13 80 16
x
8 94 24
9 47 44
1 30 21
2 97 19
3 97 17
4 77 17
2 72 22
3 36 24
14 86 37
4 35 16
12 56 11
x
15 9 41
1 14 19
4 24 8
x
x
12 68 18
x
5 36 3
5 14 8
x
x
x
x
4 10 44
5 40 7
15 72 14
13 28 36
2 19 29
6 30 19
14 3 10
7 28 34
x
14 4 4
3 81 36
x
6 29 35
6 60 12
4 53 33
4 59 1
x
x
3 73 34
7 86 12
x
x
x
7 0 17
7 9 18
0 0 30
x
x
0 6 24
2 64 32
5 88 14
x
8 68 13
7 20 0
15 12 27
9 62 39
3 95 14
9 9 36
4 60 31
13 79 24
x
10 28 44
6 8 21
0 88 8
6 18 42
3 47 11
13 61 41
4 30 12
6 12 5
10 24 27
5 25 18
6 11 2
11 33 4
5 91 18
8 5 19
0 11 23
8 75 33
7 4 26
14 31 41
15 33 32
9 82 4
6 93 20
8 43 28
9 77 40
14 84 33
x
0 16 1
10 83 24
9 33 38
11 58 18
15 68 7
6 99 13
12 43 12
7 15 8
2 74 8
12 90 3
7 40 6
0 63 41
8 4 6
10 66 21
5 23 14
10 30 41
x
15 0 19
2 86 4
5 33 17
9 44 26
11 10 23
11 37 22
6 91 28
7 71 41
13 49 5
x
1 63 4
0 12 0
x
x
9 56 23
13 50 9
x
x
7 27 39
11 46 15
10 87 33
x
6 44 5
14 43 11
8 86 32
14 57 17
15 39 12
14 34 6
8 34 20
x
x
9 86 15
11 93 5
15 50 31
x
0 41 8
9 24 18
12 33 18
13 19 34
11 38 38
1 88 25
2 82 7
11 88 43
12 42 23
5 47 41
x
8 28 34
x
x
0 32 17
2 78 9
5 64 29
10 44 26
0 48 24
14 64 19
x
15 32 19
2 7 16
6 14 28
4 65 43
14 37 43
x
11 28 22
3 0 43
1 96 1
x
13 87 6
13 88 30
11 96 40
6 76 36
x
10 34 39
6 45 33
11 63 36
8 73 3
1 42 18
2 36 20
15 88 38
0 93 28
5 54 17
x
13 53 28
10 49 4
x
x
3 68 41
x
2 95 10
9 43 19
4 34 40
3 12 3
x
