0 38 29
11 12 1
8 96 16
x
x
10 96 24
x
8 81 30
12 97 32
x
10 19 4
12 86 17
x
14 60 2
11 61 24
0 71 39
15 55 20
4 95 36
5 34 44
13 26 34
15 80 13
x
x
11 56 5
11 51 28
12 96 39
x
x
3 68 36
12 94 25
12 38 39
13 73 28
5 90 24
4 91 44
10 37 3
2 96 8
x
0 36 18
x
x
3 53 33
10 77 34
11 99 3
2 92 14
11 77 22
13 97 37
2 88 10
x
10 33 11
8 54 36
4 19 38
11 26 37
3 50 29
3 47 44
12 35 35
1 37 40
13 21 41
10 28 12
11 11 4
11 94 14
12 30 5
10 27 16
3 16 42
10 18 5
11 89 30
8 92 31
11 86 27
9 60 16
x
2 86 0
6 97 11
x
9 20 13
x
x
9 99 26
13 44 34
9 41 18
1 52 33
5 40 28
9 96 12
9 55 24
13 40 40
13 95 16
0 49 23
x
8 68 14
x
9 53 5
8 49 27
8 44 43
9 19 20
5 79 37
8 39 25
8 90 6
0 45 38
x
x
7 31 37
5 30 24
0 34 24
12 84 0
5 74 5
6 96 4
x
3 12 24
13 38 19
8 65 6
x
8 34 10
5 87 18
x
6 74 31
5 69 25
8 29 26
x
6 6 14
11 46 25
x
9 14 6
4 35 43
x
3 8 19
8 24 2
11 81 34
0 32 25
5 99 40
8 3 39
9 9 26
0 30 3
x
5 68 37
7 95 0
0 28 33
0 43 19
5 96 31
5 39 33
4 62 7
x
6 93 10
12 92 42
5 65 42
7 28 44
x
7 90 39
4 58 39
2 44 27
4 34 11
0 26 28
7 85 19
15 98 22
8 62 1
x
7 25 11
2 69 18
9 70 18
x
15 53 23
1 49 24
6 90 15
14 96 29
7 80 44
x
8 87 8
12 28 27
4 15 32
x
x
9 93 40
4 14 14
13 34 13
9 37 35
14 0 23
3 99 2
x
x
7 75 16
x
7 70 8
8 19 33
7 65 5
6 69 32
2 82 7
9 90 41
10 24 0
4 87 35
x
8 58 28
6 66 22
x
0 98 8
0 24 16
x
1 44 44
3 67 11
10 92 9
14 25 20
6 0 29
3 95 0
10 44 21
3 63 40
3 90 13
7 60 1
9 5 25
3 31 12
14 23 21
3 36 32
10 40 10
1 60 44
1 43 32
0 70 30
x
x
x
x
0 22 11
0 20 20
10 87 22
x
6 87 8
0 18 18
2 78 29
2 74 3
x
x
7 21 41
0 8 31
x
1 96 31
0 48 7
x
12 27 34
4 54 2
0 68 43
14 22 12
x
4 10 40
x
6 28 33
13 93 2
0 6 35
12 25 27
x
7 16 30
5 25 36
6 84 12
1 55 17
6 61 26
6 58 2
10 83 20
7 55 42
0 41 11
14 94 22
10 73 7
0 17 28
x
2 40 14
6 23 30
x
x
9 66 15
2 36 9
2 32 11
x
0 15 22
14 92 39
12 22 13
5 0 26
0 4 9
12 82 43
x
14 91 2
x
14 89 1
4 50 3
1 40 16
x
x
14 88 16
11 24 2
1 34 13
15 52 19
15 28 21
14 57 43
x
3 65 10
0 65 1
x
x
13 92 28
11 75 43
14 56 21
2 28 6
0 2 0
5 84 20
6 18 42
14 86 43
3 4 27
6 53 29
14 20 21
x
x
6 81 23
x
1 92 4
6 50 21
7 50 28
2 24 43
7 45 4
12 79 0
6 13 36
x
13 71 33
15 25 2
14 19 44
3 86 23
14 83 5
x
1 24 1
x
10 68 38
4 84 8
6 8 17
x
1 88 26
3 82 35
13 91 20
7 12 20
12 21 17
14 54 27
8 14 44
12 17 9
5 60 12
0 95 37
14 17 30
7 40 7
4 41 26
1 84 25
x
0 0 26
2 65 13
0 13 26
5 55 20
x
8 9 1
x
11 43 3
12 90 44
4 45 12
15 51 24
2 62 23
1 31 29
9 84 29
0 11 10
11 79 44
2 21 42
4 29 37
10 64 39
10 12 30
9 79 7
11 9 18
9 48 0
14 82 14
13 53 0
12 76 28
x
9 75 36
14 15 38
14 14 35
0 61 2
14 52 20
9 43 22
x
0 92 1
5 50 19
1 28 29
2 58 39
1 21 22
14 81 32
4 5 24
9 33 15
5 45 40
6 76 6
14 12 7
3 43 30
x
3 78 34
7 35 17
x
2 17 40
1 18 16
x
11 5 1
x
0 89 7
x
15 50 0
3 27 7
x
15 5 30
x
4 79 44
x
14 49 22
1 15 18
15 2 43
3 73 33
14 79 3
14 77 22
1 81 15
11 22 9
12 13 3
1 12 3
x
3 23 9
3 38 20
7 8 25
14 47 30
6 46 18
6 42 9
4 74 41
11 70 21
14 75 17
9 30 42
12 75 16
x
13 90 29
2 53 12
3 58 14
12 73 36
0 86 22
12 69 4
8 99 4
15 79 38
9 0 10
12 64 1
12 59 41
x
12 56 8
6 38 19
15 76 43
x
x
10 59 33
11 38 36
15 24 42
5 20 41
x
4 0 21
x
x
0 83 4
14 43 37
9 27 37
14 42 11
14 41 31
1 9 27
12 12 23
1 6 9
x
2 13 32
5 15 11
x
15 49 26
8 0 7
8 77 21
14 40 23
x
x
3 0 0
12 54 18
x
x
x
12 11 19
13 89 41
x
13 67 7
x
14 11 26
9 24 31
15 73 38
x
0 80 42
14 39 23
13 16 32
0 77 41
14 38 25
1 78 32
8 84 35
x
x
14 73 33
12 8 29
13 11 39
15 46 3
15 97 2
5 10 13
2 9 15
14 71 9
13 87 40
12 51 38
15 96 34
11 18 15
15 95 36
15 45 42
x
1 74 28
15 42 15
15 70 42
15 94 5
15 20 41
10 54 31
5 5 8
14 36 10
14 69 8
x
10 49 10
7 4 15
11 0 23
11 33 20
13 49 12
15 93 7
11 28 37
14 10 3
12 49 34
15 41 28
13 8 38
15 92 19
15 91 35
13 85 20
13 83 6
1 70 6
x
x
2 49 34
14 67 11
12 46 33
14 34 15
15 90 21
14 65 8
15 67 6
14 64 3
x
x
15 89 2
x
x
13 81 38
15 38 31
x
x
15 66 23
13 3 31
0 74 13
x
15 88 27
10 7 35
4 69 17
15 87 20
15 36 4
13 0 2
13 65 35
x
x
1 3 10
14 32 40
2 4 17
x
15 86 15
7 0 18
15 85 16
5 93 11
15 32 22
10 2 37
12 42 40
4 64 14
x
15 63 29
x
0 58 21
x
x
13 29 11
12 4 14
4 24 25
1 66 34
0 55 16
2 0 4
x
x
8 72 23
15 16 9
x
0 52 21
x
12 2 4
15 13 40
15 60 32
x
15 84 8
15 0 32
1 62 15
13 60 35
x
11 68 6
14 28 6
15 57 19
13 79 17
13 56 5
3 19 38
14 6 27
1 0 23
14 3 39
x
10 0 43
x
x
x
6 34 4
x
12 0 19
14 99 17
13 28 3
15 9 16
