0 94 9
6 79 15
0 8 42
0 74 28
3 19 28
9 58 16
x
1 25 0
2 45 0
x
2 86 32
15 32 20
x
15 41 19
14 58 22
4 89 21
15 55 16
0 77 18
2 23 14
10 11 32
11 72 19
x
x
1 49 33
2 2 44
2 99 42
x
x
13 70 33
2 19 2
6 39 29
10 25 10
6 57 29
x
3 16 16
4 46 21
x
12 10 41
x
x
3 75 21
13 95 24
4 45 3
8 22 24
3 48 43
6 54 38
14 92 15
10 49 7
11 81 22
13 35 39
4 19 10
13 79 31
15 98 15
9 75 26
1 84 42
10 0 5
14 77 16
7 65 11
5 2 24
6 0 11
0 68 21
15 64 18
4 82 35
5 93 24
5 9 35
0 25 16
7 31 21
14 82 44
x
8 6 10
15 65 25
x
1 8 3
x
x
3 88 21
1 66 11
4 43 8
4 29 37
7 48 1
2 20 12
4 69 27
x
3 50 7
13 8 24
x
9 20 15
x
6 76 13
5 78 11
0 82 6
1 99 20
7 3 28
5 68 23
2 56 27
7 78 20
x
4 24 19
0 14 24
14 13 39
8 49 42
1 87 40
4 95 20
8 0 14
x
11 5 1
15 22 6
9 90 8
8 58 8
6 70 10
5 97 22
8 14 32
2 63 13
15 75 30
7 93 35
12 42 27
0 41 5
12 12 9
x
7 88 24
2 51 21
x
1 80 34
3 89 40
5 73 24
6 97 24
8 97 40
x
4 84 18
7 85 5
x
4 81 18
10 12 13
12 31 8
11 15 11
12 38 38
13 26 2
14 1 29
x
0 65 12
9 51 3
13 10 0
3 58 2
x
4 3 3
1 16 36
7 37 30
13 17 32
12 58 8
2 30 42
8 31 15
0 22 29
10 83 15
15 5 14
8 79 0
12 4 28
x
1 4 31
2 27 34
6 84 23
7 57 37
8 63 39
10 24 2
3 54 11
9 98 32
4 54 28
2 0 38
5 39 44
10 79 15
2 13 39
x
8 40 25
5 85 7
9 68 5
x
x
6 87 12
7 36 14
10 70 42
7 10 3
11 0 34
9 69 29
3 27 36
11 12 14
11 75 7
11 84 20
10 55 3
11 92 38
8 60 1
x
13 4 34
9 5 38
2 62 30
4 12 0
3 44 17
4 0 0
8 38 1
12 26 33
12 34 10
12 60 36
14 5 2
13 22 25
5 17 4
10 3 39
1 62 38
6 9 12
15 9 34
7 44 37
13 80 5
13 16 32
8 59 11
x
x
x
4 67 38
12 98 32
13 93 7
5 49 15
6 34 12
0 37 35
9 81 2
10 7 27
1 35 37
x
11 68 19
0 0 23
5 0 2
x
6 23 19
14 0 24
x
6 6 6
2 57 15
7 16 38
8 96 9
x
15 1 26
x
15 93 22
10 68 1
11 88 42
0 98 20
x
12 78 18
9 10 39
10 41 38
12 49 17
13 81 44
11 33 26
x
1 20 43
12 94 1
1 6 19
14 31 17
2 71 14
7 35 30
1 0 7
11 53 6
x
x
9 1 25
13 49 38
12 17 2
x
14 51 43
4 41 14
15 85 27
15 51 41
0 96 23
1 75 38
8 21 24
0 50 6
x
13 13 23
3 31 22
3 79 35
14 4 35
x
1 30 44
4 25 32
1 31 17
3 63 3
4 16 41
2 74 3
8 11 4
5 37 41
7 24 40
x
x
5 67 32
7 98 23
0 46 23
2 67 28
3 45 16
3 85 27
8 52 12
7 70 29
5 31 9
x
13 33 21
10 40 9
14 3 8
10 75 37
1 28 42
6 62 40
14 10 33
3 95 43
15 18 42
15 35 33
0 43 29
9 15 42
12 90 7
7 80 44
4 75 31
8 99 12
9 38 41
5 22 44
x
3 82 0
x
10 90 17
10 20 35
1 90 23
x
7 53 43
13 74 26
11 18 22
12 64 6
6 8 32
2 49 31
11 28 35
6 35 37
11 19 37
13 28 21
14 29 2
6 46 6
11 24 27
5 25 1
x
4 58 1
5 87 40
7 63 23
2 14 4
x
12 73 3
x
9 25 40
12 88 40
9 43 30
12 87 24
9 33 43
10 60 8
13 43 31
10 18 4
14 96 38
15 80 7
x
14 70 8
12 21 22
x
13 31 43
11 36 40
13 15 11
0 62 42
14 35 36
x
14 6 19
7 18 32
10 78 0
8 75 8
3 61 3
14 22 13
x
15 15 25
13 38 18
9 48 32
11 69 26
4 91 12
15 40 28
0 17 33
6 19 28
14 17 30
5 55 21
12 92 17
15 24 39
14 64 19
1 57 26
13 65 20
x
0 4 31
14 89 43
x
12 0 1
13 56 14
0 29 8
x
1 34 9
x
x
13 1 41
x
2 40 5
x
5 14 17
7 75 12
12 46 23
x
0 60 12
1 55 8
15 28 18
1 46 22
5 45 43
8 72 2
x
3 6 33
8 26 36
3 10 18
9 93 6
11 49 16
14 47 4
15 46 37
1 11 39
5 60 14
15 72 35
9 66 2
x
10 30 9
12 68 14
2 94 41
5 35 8
9 83 9
6 42 14
2 72 3
3 36 14
1 40 32
4 35 23
8 33 34
x
6 51 20
4 8 31
6 27 18
x
3 73 21
15 10 36
10 50 33
7 87 2
x
x
1 70 6
x
x
6 59 41
5 40 27
2 64 26
6 78 1
7 52 34
6 30 43
9 24 31
7 28 14
x
0 90 11
14 65 20
0 12 8
8 5 25
7 7 12
4 50 5
10 33 2
x
x
8 17 11
9 36 10
4 65 6
x
x
4 74 4
8 85 9
0 11 23
x
x
3 47 34
6 94 26
11 9 4
x
8 68 19
12 33 4
5 62 17
9 62 7
9 67 18
9 7 40
4 60 7
x
x
10 31 29
15 57 44
6 11 36
6 16 2
7 15 19
13 60 9
8 1 6
13 58 7
2 7 8
7 41 26
8 84 0
3 2 5
5 91 44
10 99 0
5 84 1
13 18 30
7 0 4
3 20 25
5 54 35
1 95 4
9 53 28
8 44 28
9 79 37
14 87 1
x
10 63 5
10 85 34
11 58 41
14 53 5
15 68 15
6 99 44
x
10 89 31
12 8 12
15 54 19
10 96 37
0 64 10
11 91 7
11 79 24
13 6 6
2 90 30
x
5 5 36
2 82 27
5 29 16
14 74 35
3 14 8
14 99 33
6 92 17
7 72 7
15 84 1
x
x
9 0 9
x
x
12 96 16
0 34 19
x
x
7 27 26
11 44 31
13 90 13
x
15 0 10
14 42 27
8 86 29
1 45 12
15 44 44
0 57 13
0 48 5
x
x
9 86 44
15 91 10
2 35 25
x
1 89 22
8 92 30
4 94 13
5 94 19
15 60 10
2 77 9
3 23 13
9 28 0
14 28 28
5 6 0
x
10 57 2
x
x
3 67 31
7 59 16
11 41 17
10 44 36
7 82 24
12 54 5
x
4 64 14
0 52 2
14 38 32
13 0 12
0 87 44
x
12 44 35
1 77 3
9 95 4
x
11 90 0
0 32 13
11 96 25
3 39 8
x
10 34 9
2 9 29
11 63 29
9 77 42
4 31 34
6 66 34
13 86 1
15 88 17
4 78 2
3 0 6
13 53 16
x
x
x
7 20 13
x
10 37 25
10 2 3
8 51 3
12 83 20
