0 94 1
6 79 22
0 8 33
x
3 19 19
9 58 16
x
1 25 4
2 45 6
x
2 86 20
15 32 22
x
15 41 38
14 58 3
4 89 21
15 55 40
0 77 32
2 23 9
10 11 4
11 72 2
x
x
1 49 39
2 2 3
2 99 2
x
x
13 70 14
2 19 27
6 39 16
10 25 22
6 57 21
x
3 16 44
4 46 37
x
12 10 24
0 74 32
x
3 75 18
13 95 0
5 84 3
x
3 48 35
6 54 42
14 92 16
10 49 44
11 81 26
13 35 13
4 19 7
13 79 17
15 98 27
9 75 18
1 84 20
10 0 0
14 77 33
7 65 14
5 2 29
6 0 10
0 68 12
15 64 35
4 82 17
5 93 31
5 9 14
0 25 6
7 31 25
14 82 25
x
8 6 28
15 65 20
x
1 8 13
x
x
3 88 31
x
4 43 27
4 29 44
7 48 27
2 20 1
x
x
3 50 33
13 8 9
x
9 20 41
x
6 76 29
5 78 5
0 82 26
1 99 39
7 3 7
5 68 8
2 56 1
7 78 33
x
4 24 20
0 14 36
14 13 35
8 49 20
1 87 2
4 95 25
8 0 16
x
11 5 44
15 22 37
9 90 38
8 58 8
6 70 13
5 97 18
x
2 63 6
15 75 42
7 93 42
12 42 31
0 41 24
12 12 33
x
7 88 37
2 51 22
x
1 80 35
3 89 24
5 73 24
6 97 33
8 97 24
x
4 84 23
7 85 30
x
4 45 42
10 12 42
12 31 31
11 15 10
12 38 18
13 26 40
14 1 15
x
0 65 20
9 51 43
13 10 17
3 58 19
x
4 3 20
1 16 10
7 37 30
13 17 25
12 58 7
2 30 27
8 31 32
0 22 38
10 83 6
15 5 11
8 79 4
12 4 41
x
1 4 43
2 27 7
6 84 38
7 57 7
8 63 26
10 24 21
3 54 18
9 98 7
4 54 28
2 0 3
5 39 29
10 79 29
2 13 30
8 12 27
8 40 43
5 85 6
9 68 36
x
x
6 87 32
7 36 31
10 70 28
7 10 15
11 0 38
9 69 27
3 27 8
11 12 41
11 75 19
11 84 33
10 55 5
11 92 32
8 60 31
x
13 4 12
9 5 7
2 62 10
4 12 43
4 64 6
4 0 3
8 38 31
12 26 16
12 34 20
12 60 34
14 5 44
13 22 8
5 17 9
10 3 19
1 66 6
6 9 16
15 9 2
7 44 41
13 80 5
13 16 9
8 59 3
x
x
x
4 73 15
12 98 14
13 93 28
5 49 11
x
0 37 35
9 81 32
10 7 34
1 35 30
x
11 68 41
0 0 34
5 0 40
x
6 23 42
14 0 24
x
6 6 41
2 57 39
7 16 36
8 96 43
x
15 1 26
x
15 93 30
10 68 12
11 88 23
0 98 1
x
12 78 23
9 10 15
10 41 15
12 49 10
13 81 31
11 33 19
1 62 38
1 20 9
12 94 38
1 6 43
14 31 1
2 71 8
7 35 39
1 0 6
11 53 24
x
x
9 1 29
13 49 38
12 17 32
x
14 51 30
4 41 22
15 85 1
15 51 12
0 96 13
1 75 2
8 25 31
0 50 19
x
13 13 43
3 31 1
3 79 37
14 4 1
x
1 30 32
4 25 40
1 31 40
3 63 18
4 16 34
2 74 29
x
5 37 3
7 24 32
x
x
5 67 4
7 98 8
0 46 19
2 67 21
3 45 43
3 85 26
8 52 6
7 70 25
5 31 4
x
13 33 13
10 40 44
x
10 75 33
1 28 5
6 62 37
14 10 36
3 95 15
15 18 0
15 35 36
0 43 43
9 15 0
12 90 0
7 80 33
4 76 21
8 99 31
9 38 42
5 22 29
x
3 82 39
x
10 90 31
10 20 12
1 90 23
x
7 53 3
13 74 23
11 18 27
12 64 3
6 8 3
2 49 26
11 28 30
6 35 34
11 19 43
13 28 33
14 29 36
6 46 4
11 24 0
5 25 6
x
4 58 38
5 87 11
7 63 44
2 14 4
x
12 73 35
3 73 12
9 25 11
12 88 30
9 43 30
12 87 30
9 33 44
10 60 8
13 43 10
10 18 24
14 96 28
15 80 2
8 16 32
14 70 25
12 21 15
x
13 31 24
11 36 25
13 15 35
0 62 41
14 35 34
3 38 34
14 6 44
7 18 40
10 78 13
8 75 0
3 61 41
14 22 5
x
15 15 39
13 38 19
9 48 39
11 69 11
4 91 16
15 40 2
0 17 7
6 19 23
14 17 13
5 55 19
12 92 24
15 24 11
14 64 13
1 57 26
13 65 29
x
0 4 23
14 89 30
x
12 0 17
13 56 27
0 29 31
x
1 34 15
x
x
13 1 16
x
2 40 37
x
5 14 29
7 75 44
12 46 2
x
0 60 39
1 55 34
15 28 3
1 46 20
5 45 28
8 72 5
x
3 6 22
8 26 7
3 10 38
9 93 26
11 49 37
14 47 14
15 46 17
1 11 12
5 60 28
15 72 8
9 66 12
x
10 30 40
12 68 4
2 94 17
5 35 33
9 83 25
6 42 9
2 72 35
3 36 14
1 40 29
4 35 11
8 33 14
x
6 51 5
4 8 10
6 27 27
x
x
15 10 28
10 50 11
7 87 5
4 67 22
x
1 70 22
x
x
6 59 41
5 40 0
2 64 15
6 78 12
7 52 41
6 30 9
9 24 26
7 28 28
x
0 90 17
14 65 39
0 12 36
8 5 7
7 7 13
4 50 35
10 33 21
x
x
8 21 13
9 36 12
x
x
x
4 75 28
8 85 9
0 11 39
x
x
3 47 31
6 94 8
11 9 4
x
8 68 5
12 33 40
5 62 21
9 62 3
9 67 37
9 7 26
4 60 2
14 3 22
x
10 31 8
15 57 44
6 11 25
6 16 28
7 15 10
13 60 36
8 1 19
13 58 25
2 7 12
7 41 27
8 84 16
3 2 39
5 91 34
10 99 15
x
13 18 39
7 0 43
3 20 6
5 54 26
1 95 21
9 53 9
8 44 18
9 79 24
14 87 12
x
10 63 32
10 85 9
11 58 17
14 53 21
15 68 6
6 99 25
x
10 89 0
12 8 10
15 54 23
10 96 10
0 64 14
11 91 42
11 79 8
13 6 31
2 90 40
x
5 5 33
2 82 44
5 29 35
14 74 22
3 14 11
14 99 37
6 92 35
7 72 40
15 84 2
x
4 65 16
9 0 27
x
x
12 96 18
0 34 22
x
x
7 27 27
11 44 7
13 90 12
x
15 0 8
14 42 18
8 86 2
1 45 19
15 44 1
0 57 19
0 48 11
x
x
9 86 13
15 91 4
2 35 18
x
1 89 4
8 92 40
4 94 41
5 94 16
15 60 14
2 77 43
3 23 36
9 28 1
14 28 26
5 6 31
x
10 57 41
x
x
3 67 21
7 59 31
11 41 16
10 44 2
7 82 38
12 54 44
x
4 72 4
0 52 37
14 38 41
13 0 44
0 87 3
x
12 44 20
1 77 27
9 95 20
x
11 90 5
0 32 2
11 96 34
3 40 14
x
10 34 17
2 9 35
11 63 36
9 77 5
4 31 1
6 66 40
13 86 5
15 88 34
4 79 17
3 0 37
13 53 24
8 9 19
6 34 12
x
7 20 29
x
10 37 41
10 2 4
8 51 20
12 83 36
