0 94 13
6 79 40
0 8 25
x
3 19 0
9 58 23
x
1 25 30
2 45 7
x
2 86 31
15 32 27
x
15 41 4
14 58 36
4 89 13
15 55 21
0 77 42
2 23 8
10 11 1
11 72 23
x
x
1 49 6
2 2 10
2 99 19
x
x
13 70 42
2 19 5
6 39 26
10 25 23
6 57 26
x
3 16 32
4 46 42
x
12 10 21
0 74 2
x
3 75 25
13 95 17
5 84 13
x
3 48 18
6 54 30
14 92 43
10 49 41
11 81 35
13 35 44
4 19 13
13 79 15
15 98 39
9 75 20
1 84 24
10 0 22
14 77 20
7 65 2
5 2 10
6 0 0
0 68 28
15 64 38
4 82 44
5 93 34
5 9 7
0 25 32
7 31 38
14 82 11
x
8 6 40
15 65 41
x
1 8 17
x
x
3 88 34
x
4 43 40
4 29 40
7 48 16
2 20 14
x
x
3 50 23
13 8 2
x
9 20 39
x
6 76 41
5 78 4
0 82 31
1 99 21
7 3 7
5 68 29
2 56 32
7 78 31
x
4 24 7
0 14 11
14 13 0
8 49 41
1 87 35
4 95 5
8 0 5
x
11 5 43
15 22 23
9 90 40
8 58 20
6 70 21
5 97 21
x
2 63 3
15 75 14
7 93 11
12 42 29
0 41 1
12 12 6
x
7 88 13
2 51 3
x
1 80 0
3 89 18
5 73 24
6 97 9
8 97 28
x
4 84 37
7 85 26
x
4 45 7
10 12 11
12 31 42
11 15 35
12 38 9
13 26 0
14 1 25
x
0 65 43
9 51 3
13 10 7
3 58 1
x
4 3 39
1 16 34
7 37 41
13 17 6
12 58 29
2 30 11
8 31 20
0 22 10
10 83 17
15 5 19
8 79 36
12 4 5
x
1 4 18
2 27 29
6 84 20
7 57 23
8 63 37
10 24 22
3 54 29
9 98 43
4 54 31
2 0 10
5 39 5
10 79 5
2 13 2
8 12 22
8 40 42
5 85 28
9 68 2
x
x
6 87 18
7 36 2
10 70 9
7 10 35
11 0 29
9 69 36
3 27 3
11 12 36
11 75 13
11 84 4
10 55 17
11 92 33
8 60 12
x
13 4 24
9 5 22
2 62 3
4 12 14
4 64 37
4 0 17
8 38 38
12 26 16
12 34 22
12 60 1
14 5 13
13 22 4
5 17 43
10 3 20
1 66 33
6 9 26
15 9 19
7 44 44
13 80 8
13 16 25
8 59 30
x
x
x
4 73 32
12 98 31
13 93 0
5 49 3
x
0 37 4
9 81 44
10 7 41
1 35 43
x
11 68 11
0 0 21
5 0 17
x
6 23 10
14 0 31
x
6 6 11
2 57 44
7 16 34
8 96 0
x
15 1 31
x
15 93 44
10 68 28
11 88 4
0 98 9
x
12 78 37
9 10 5
10 41 27
12 49 10
13 81 40
11 33 9
1 62 21
1 20 13
12 94 1
1 6 25
14 31 32
2 71 40
7 35 12
1 0 22
11 53 44
x
x
9 1 26
13 49 0
12 17 17
x
14 51 5
4 41 2
15 85 4
15 51 15
0 96 13
1 75 15
8 25 2
0 50 36
x
13 13 24
3 31 8
3 79 3
14 4 28
x
1 30 44
4 25 0
1 31 11
3 63 36
4 16 29
2 74 25
x
5 37 6
7 24 33
x
x
5 67 22
7 98 44
0 46 31
2 67 27
3 45 24
3 85 38
8 52 9
7 70 18
5 31 26
x
13 33 23
10 40 20
x
10 75 8
1 28 39
6 62 2
14 10 21
3 95 12
15 18 33
15 35 36
0 43 1
9 15 19
12 90 40
7 80 36
4 76 39
8 99 31
9 38 37
5 22 6
x
3 82 27
x
10 90 25
10 20 40
1 90 14
x
7 53 8
13 74 34
11 18 1
12 64 18
6 8 33
2 49 22
11 28 30
6 35 8
11 19 28
13 28 12
14 29 7
6 46 38
11 24 15
5 25 32
x
4 58 25
5 87 33
7 63 42
2 14 30
x
12 73 20
3 73 38
9 25 2
12 88 42
9 43 9
12 87 16
9 33 35
10 60 12
13 43 3
10 18 32
14 96 39
15 80 24
8 16 32
14 70 4
12 21 15
x
13 31 19
11 36 20
13 15 22
0 62 12
14 35 34
3 38 44
14 6 41
7 18 18
10 78 34
8 75 31
3 61 29
14 22 19
x
15 15 27
13 38 14
9 48 29
11 69 34
4 91 22
15 40 11
0 17 18
6 19 6
14 17 16
5 55 13
12 92 35
15 24 10
14 64 29
1 57 42
13 65 43
x
0 4 5
14 89 10
x
12 0 36
13 56 15
0 29 33
x
1 34 44
x
x
13 1 12
x
2 40 1
x
5 14 16
7 75 37
12 46 42
x
0 60 18
1 55 37
15 28 1
1 46 26
5 45 23
8 72 34
x
3 6 20
8 26 24
3 10 37
9 93 14
11 49 2
14 47 24
15 46 28
1 11 41
5 60 7
15 72 6
9 66 26
x
10 30 34
12 68 7
2 94 23
5 35 12
9 83 11
6 42 12
2 72 38
3 36 42
1 40 16
4 35 15
8 33 17
x
6 51 35
4 8 24
6 27 9
x
x
15 10 25
10 50 24
7 87 4
4 67 17
x
1 70 15
x
x
6 59 4
5 40 0
2 64 40
6 78 0
7 52 32
6 30 33
9 24 27
7 28 19
x
0 90 29
14 65 31
0 12 35
8 5 13
7 7 27
4 50 25
10 33 29
x
x
8 21 7
9 36 27
x
x
x
4 75 14
8 85 42
0 11 26
x
x
3 47 42
6 94 41
11 9 6
x
8 68 3
12 33 41
5 62 8
9 62 30
9 67 43
9 7 3
4 60 27
14 3 41
x
10 31 39
15 57 19
6 11 27
6 16 39
7 15 6
13 60 26
8 1 30
13 58 16
2 7 39
7 41 8
8 84 43
3 2 14
5 91 35
10 99 24
x
13 18 41
7 0 26
3 20 27
5 54 18
1 95 1
9 53 38
8 44 6
9 79 14
14 87 9
x
10 63 37
10 85 33
11 58 21
14 53 38
15 68 9
6 99 3
x
10 89 19
12 8 28
15 54 15
10 96 32
0 64 33
11 91 42
11 79 6
13 6 21
2 90 28
x
5 5 34
2 82 12
5 29 40
14 74 7
3 14 35
14 99 40
6 92 22
7 72 25
15 84 39
x
4 65 42
9 0 23
x
x
12 96 19
0 34 10
x
x
7 27 20
11 44 38
13 90 19
x
15 0 24
14 42 26
8 86 5
1 45 35
15 44 21
0 57 15
0 48 38
x
x
9 86 32
15 91 30
2 35 20
x
1 89 35
8 92 23
4 94 2
5 94 16
15 60 22
2 77 2
3 23 34
9 28 1
14 28 22
5 6 22
x
10 57 43
x
x
3 67 10
7 59 18
11 41 15
10 44 7
7 82 22
12 54 32
x
4 72 5
0 52 30
14 38 18
13 0 36
0 87 15
x
12 44 32
1 77 12
9 95 12
x
11 90 2
0 32 0
11 96 39
3 40 17
x
10 34 8
2 9 34
11 63 17
9 77 18
4 31 35
6 66 16
13 86 8
15 88 40
4 79 28
3 0 20
13 53 25
8 9 2
6 34 31
x
7 20 30
x
10 37 28
10 2 22
8 51 14
12 83 39
