0 94 40
6 79 28
0 8 24
x
3 19 3
9 58 21
x
1 25 3
2 45 27
x
2 86 29
15 32 21
x
15 41 27
14 58 10
4 89 6
15 55 20
0 77 18
2 23 31
10 11 35
11 72 39
x
x
1 49 11
2 2 40
2 99 9
x
x
13 70 44
2 19 14
6 39 21
10 25 12
6 57 33
x
3 16 7
4 46 14
x
12 10 7
0 74 3
x
3 75 14
13 95 26
5 84 5
x
3 48 34
6 54 17
14 92 25
10 49 10
11 81 1
13 35 43
4 19 34
13 79 13
15 98 0
9 75 32
1 84 9
10 0 13
14 77 9
7 65 38
5 2 5
6 0 1
0 68 15
15 64 21
4 82 28
5 93 36
5 9 19
0 25 0
7 31 23
14 82 16
x
8 6 28
15 65 17
x
1 8 40
x
x
3 88 17
x
4 43 35
4 29 31
7 48 1
2 20 33
x
x
3 50 9
13 8 22
x
9 20 26
x
6 76 4
5 78 26
0 82 38
1 99 42
7 3 0
5 68 36
2 56 44
7 78 2
x
4 24 12
0 14 19
14 13 12
8 49 24
1 87 36
4 95 25
8 0 24
x
11 5 32
15 22 34
9 90 35
8 58 42
6 70 33
5 97 16
x
2 63 5
15 75 43
7 93 19
12 42 13
0 41 42
12 12 3
x
7 88 36
2 51 4
x
1 80 8
3 89 22
5 73 11
6 97 13
8 97 40
x
4 84 38
7 85 17
x
4 45 21
10 12 4
12 31 26
11 15 5
12 38 35
13 26 24
14 1 2
x
0 65 2
9 51 3
13 10 30
3 58 36
x
4 3 16
1 16 32
7 37 7
13 17 42
12 58 20
2 30 38
8 31 42
0 22 6
10 83 2
15 5 35
8 79 31
12 4 17
x
1 4 31
2 27 19
6 84 0
7 57 2
8 63 20
10 24 29
3 54 19
9 98 35
4 54 12
2 0 24
5 39 6
10 79 1
2 13 25
8 12 11
8 40 23
5 85 12
9 68 4
x
x
6 87 37
7 36 39
10 70 24
7 10 28
11 0 24
9 69 30
3 27 25
11 12 2
11 75 17
11 84 28
10 55 19
11 92 9
8 60 21
x
13 4 34
9 5 3
2 62 32
4 12 4
4 64 3
4 0 44
8 38 36
12 26 31
12 34 34
12 60 29
14 5 21
13 22 39
5 17 3
10 3 37
1 66 8
6 9 5
15 9 5
7 44 37
13 80 31
13 16 26
8 59 37
x
x
x
4 73 24
12 98 40
13 93 0
5 49 38
x
0 37 30
9 81 20
10 7 38
1 35 33
x
11 68 38
0 0 41
5 0 20
x
6 23 44
14 0 28
x
6 6 15
2 57 18
7 16 30
8 96 10
x
15 1 22
x
15 93 15
10 68 24
11 88 31
0 98 34
x
12 78 38
9 10 43
10 41 25
12 49 19
13 81 7
11 33 11
1 62 4
1 20 26
12 94 42
1 6 24
14 31 23
2 71 5
7 35 34
1 0 28
11 53 10
x
x
9 1 42
13 49 10
12 17 30
x
14 51 19
4 41 21
15 85 44
15 51 9
0 96 23
1 75 37
8 25 13
0 50 12
x
13 13 36
3 31 16
3 79 42
14 4 22
x
1 30 1
4 25 6
1 31 0
3 63 13
4 16 35
2 74 22
x
5 37 16
7 24 24
x
x
5 67 20
7 98 11
0 46 11
2 67 26
3 45 41
3 85 9
8 52 30
7 70 1
5 31 4
x
13 33 24
10 40 1
x
10 75 27
1 28 15
6 62 22
14 10 29
3 95 32
15 18 42
15 35 31
0 43 40
9 15 39
12 90 41
7 80 40
4 76 37
8 99 39
9 38 36
5 22 9
x
3 82 37
x
10 90 23
10 20 17
1 90 12
x
7 53 3
13 74 19
11 18 34
12 64 36
6 8 28
2 49 1
11 28 14
6 35 14
11 19 3
13 28 43
14 29 20
6 46 41
11 24 42
5 25 43
x
4 58 32
5 87 23
7 63 38
2 14 23
x
12 73 39
3 73 18
9 25 27
12 88 44
9 43 20
12 87 7
9 33 0
10 60 6
13 43 8
10 18 10
14 96 15
15 80 41
8 16 15
14 70 37
12 21 27
x
13 31 33
11 36 6
13 15 18
0 62 30
14 35 14
3 38 4
14 6 35
7 18 41
10 78 39
8 75 8
3 61 11
14 22 30
x
15 15 23
13 38 40
9 48 13
11 69 37
4 91 10
15 40 3
0 17 29
6 19 7
14 17 6
5 55 9
12 92 14
15 24 8
14 64 5
1 57 7
13 65 27
x
0 4 11
14 89 5
x
12 0 28
13 56 38
0 29 28
x
1 34 3
x
x
13 1 1
x
2 40 21
x
5 14 15
7 75 21
12 46 44
x
0 60 13
1 55 3
15 28 32
1 46 19
5 45 29
8 72 43
x
3 6 8
8 26 6
3 10 33
9 93 1
11 49 18
14 47 20
15 46 33
1 11 43
5 60 5
15 72 19
9 66 43
x
10 30 44
12 68 5
2 94 10
5 35 37
9 83 16
6 42 4
2 72 27
3 36 15
1 40 25
4 35 33
8 33 29
x
6 51 17
4 8 17
6 27 42
x
x
15 10 6
10 50 34
7 87 34
4 67 20
x
1 70 5
x
x
6 59 27
5 40 22
2 64 2
6 78 11
7 52 26
6 30 36
9 24 18
7 28 44
x
0 90 7
14 65 13
0 12 44
8 5 4
7 7 13
4 50 15
10 33 37
x
x
8 21 3
9 36 14
x
x
x
4 75 41
8 85 2
0 11 4
x
x
3 47 11
6 94 9
11 9 34
x
8 68 2
12 33 23
5 62 0
9 62 24
9 67 14
9 7 9
4 60 21
14 3 2
x
10 31 16
15 57 23
6 11 18
6 16 12
7 15 3
13 60 29
8 1 41
13 58 32
2 7 12
7 41 24
8 84 18
3 2 2
5 91 28
10 99 7
x
13 18 16
7 0 5
3 20 2
5 54 33
1 95 41
9 53 40
8 44 5
9 79 22
14 87 18
x
10 63 41
10 85 35
11 58 13
14 53 44
15 68 39
6 99 0
x
10 89 0
12 8 13
15 54 27
10 96 42
0 64 13
11 91 36
11 79 16
13 6 39
2 90 1
x
5 5 11
2 82 44
5 29 41
14 74 13
3 14 27
14 99 6
6 92 6
7 72 42
15 84 32
x
4 65 7
9 0 25
x
x
12 96 15
0 34 1
x
x
7 27 17
11 44 25
13 90 14
x
15 0 34
14 42 32
8 86 22
1 45 29
15 44 4
0 57 34
0 48 2
x
x
9 86 6
15 91 10
2 35 8
x
1 89 35
8 92 7
4 94 13
5 94 14
15 60 11
2 77 17
3 23 35
9 28 18
14 28 14
5 6 18
x
10 57 15
x
x
3 67 39
7 59 20
11 41 8
10 44 2
7 82 43
12 54 13
x
4 72 29
0 52 12
14 38 34
13 0 12
0 87 26
x
12 44 35
1 77 15
9 95 31
x
11 90 20
0 32 5
11 96 29
3 40 0
x
10 34 14
2 9 32
11 63 21
9 77 16
4 31 40
6 66 31
13 86 28
15 88 18
4 79 27
3 0 25
13 53 12
8 9 25
6 34 6
x
7 20 10
x
10 37 20
10 2 42
8 51 42
12 83 37
