0 94 13
6 79 18
0 8 40
x
3 19 24
9 58 34
x
1 25 43
2 45 14
x
2 86 10
15 32 25
x
15 41 14
14 58 4
4 89 34
15 55 20
0 77 36
2 23 25
10 11 33
11 72 44
x
x
1 49 30
2 2 37
2 99 16
x
x
13 70 26
2 19 23
6 39 39
10 25 21
6 57 6
x
3 16 2
4 46 23
x
12 10 32
0 74 20
x
3 75 19
13 95 7
5 84 18
x
3 48 0
6 54 7
14 92 13
10 49 25
11 81 33
13 35 3
4 19 32
13 79 11
15 98 4
9 75 44
1 84 25
10 0 34
14 77 27
7 65 10
5 2 25
6 0 41
0 68 15
15 64 11
4 82 29
5 93 29
5 9 16
0 25 38
7 31 43
14 82 17
x
8 6 39
15 65 43
x
1 8 16
x
x
3 88 14
x
4 43 40
4 29 12
7 48 12
2 20 8
x
x
3 50 41
13 8 34
x
9 20 1
x
6 76 26
5 78 4
0 82 36
1 99 43
7 3 33
5 68 9
2 56 32
7 78 18
x
4 24 38
0 14 8
14 13 0
8 49 38
1 87 28
4 95 11
8 0 3
x
11 5 40
15 22 31
9 90 15
8 58 28
6 70 27
5 97 26
x
2 63 16
15 75 35
7 93 20
12 42 19
0 41 13
12 12 26
x
7 88 29
2 51 19
x
1 80 14
3 89 28
5 73 30
6 97 4
8 97 33
x
4 84 17
7 85 21
x
4 45 36
10 12 2
12 31 8
11 15 38
12 38 28
13 26 40
14 1 32
x
0 65 26
9 51 19
13 10 19
3 58 1
x
4 3 8
1 16 34
7 37 34
13 17 23
12 58 43
2 30 17
8 31 2
0 22 10
10 83 7
15 5 0
8 79 14
12 4 11
x
1 4 27
2 27 3
6 84 17
7 57 24
8 63 44
10 24 29
3 54 35
9 98 7
4 54 36
2 0 44
5 39 0
10 79 3
2 13 24
8 12 0
8 40 11
5 85 32
9 68 20
x
x
6 87 21
7 36 21
10 70 37
7 10 42
11 0 42
9 69 11
3 27 25
11 12 0
11 75 20
11 84 5
10 55 19
11 92 6
8 60 16
x
13 4 42
9 5 36
2 62 9
4 12 21
4 64 9
4 0 5
8 38 33
12 26 4
12 34 37
12 60 3
14 5 19
13 22 22
5 17 41
10 3 11
1 66 39
6 9 16
15 9 2
7 44 1
13 80 6
13 16 11
8 59 38
x
x
x
4 73 33
12 98 40
13 93 5
5 49 1
x
0 37 3
9 81 20
10 7 36
1 35 10
x
11 68 19
0 0 0
5 0 22
x
6 23 33
14 0 7
x
6 6 11
2 57 2
7 16 7
8 96 5
x
15 1 1
x
15 93 8
10 68 26
11 88 15
0 98 39
x
12 78 15
9 10 25
10 41 27
12 49 43
13 81 17
11 33 10
1 62 31
1 20 11
12 94 2
1 6 23
14 31 32
2 71 34
7 35 14
1 0 38
11 53 34
x
x
9 1 34
13 49 35
12 17 38
x
14 51 33
4 41 25
15 85 25
15 51 41
0 96 23
1 75 36
8 25 12
0 50 7
x
13 13 6
3 31 22
3 79 3
14 4 35
x
1 30 31
4 25 29
1 31 12
3 63 35
4 16 26
2 74 38
x
5 37 16
7 24 35
x
x
5 67 2
7 98 8
0 46 19
2 67 30
3 45 41
3 85 44
8 52 43
7 70 28
5 31 20
x
13 33 40
10 40 23
x
10 75 35
1 28 29
6 62 5
14 10 7
3 95 40
15 18 13
15 35 5
0 43 2
9 15 9
12 90 40
7 80 6
4 76 35
8 99 34
9 38 40
5 22 37
x
3 82 30
x
10 90 42
10 20 0
1 90 32
x
7 53 36
13 74 16
11 18 32
12 64 35
6 8 3
2 49 5
11 28 29
6 35 1
11 19 4
13 28 24
14 29 4
6 46 38
11 24 30
5 25 38
x
4 58 24
5 87 28
7 63 31
2 14 22
x
12 73 24
3 73 21
9 25 42
12 88 17
9 43 13
12 87 6
9 33 39
10 60 6
13 43 8
10 18 23
14 96 18
15 80 19
8 16 5
14 70 41
12 21 2
x
13 31 1
11 36 43
13 15 15
0 62 18
14 35 41
3 38 35
14 6 5
7 18 41
10 78 34
8 75 28
3 61 43
14 22 39
x
15 15 27
13 38 37
9 48 12
11 69 18
4 91 34
15 40 31
0 17 5
6 19 13
14 17 42
5 55 27
12 92 1
15 24 44
14 64 35
1 57 27
13 65 18
x
0 4 16
14 89 14
x
12 0 33
13 56 42
0 29 29
x
1 34 36
x
x
13 1 33
x
2 40 31
x
5 14 36
7 75 7
12 46 14
x
0 60 23
1 55 41
15 28 21
1 46 18
5 45 18
8 72 2
x
3 6 21
8 26 37
3 10 33
9 93 19
11 49 23
14 47 23
15 46 24
1 11 9
5 60 44
15 72 22
9 66 16
x
10 30 27
12 68 9
2 94 39
5 35 18
9 83 12
6 42 40
2 72 18
3 36 13
1 40 26
4 35 39
8 33 13
x
6 51 11
4 8 31
6 27 12
x
x
15 10 3
10 50 41
7 87 34
4 67 33
x
1 70 2
x
x
6 59 17
5 40 12
2 64 6
6 78 32
7 52 25
6 30 31
9 24 27
7 28 0
x
0 90 17
14 65 26
0 12 25
8 5 8
7 7 22
4 50 12
10 33 41
x
x
8 21 16
9 36 24
x
x
x
4 75 29
8 85 9
0 11 27
x
x
3 47 5
6 94 3
11 9 10
x
8 68 24
12 33 10
5 62 10
9 62 16
9 67 39
9 7 6
4 60 19
14 3 35
x
10 31 24
15 57 32
6 11 23
6 16 30
7 15 7
13 60 20
8 1 32
13 58 24
2 7 6
7 41 6
8 84 40
3 2 15
5 91 0
10 99 5
x
13 18 21
7 0 9
3 20 9
5 54 12
1 95 28
9 53 28
8 44 29
9 79 0
14 87 14
x
10 63 25
10 85 1
11 58 37
14 53 15
15 68 29
6 99 10
x
10 89 32
12 8 40
15 54 16
10 96 18
0 64 17
11 91 24
11 79 2
13 6 36
2 90 12
x
5 5 37
2 82 1
5 29 25
14 74 21
3 14 17
14 99 31
6 92 22
7 72 14
15 84 39
x
4 65 44
9 0 40
x
x
12 96 8
0 34 43
x
x
7 27 44
11 44 9
13 90 27
x
15 0 25
14 42 6
8 86 31
1 45 19
15 44 42
0 57 37
0 48 27
x
x
9 86 15
15 91 30
2 35 36
x
1 89 8
8 92 7
4 94 42
5 94 15
15 60 4
2 77 44
3 23 10
9 28 29
14 28 21
5 6 43
x
10 57 14
x
x
3 67 20
7 59 23
11 41 8
10 44 22
7 82 38
12 54 42
x
4 72 40
0 52 32
14 38 3
13 0 11
0 87 6
x
12 44 18
1 77 13
9 95 22
x
11 90 34
0 32 41
11 96 7
3 40 31
x
10 34 33
2 9 24
11 63 35
9 77 20
4 31 44
6 66 19
13 86 14
15 88 38
4 79 36
3 0 34
13 53 23
8 9 4
6 34 15
x
7 20 30
x
10 37 26
10 2 15
8 51 40
12 83 13
