0 94 6
6 79 32
0 8 43
x
3 19 13
9 58 6
x
1 25 29
2 45 18
x
2 86 3
15 32 32
x
15 41 33
14 58 43
4 89 18
15 55 2
0 77 4
2 23 0
10 11 13
11 72 16
x
x
1 49 25
2 2 21
2 99 11
x
x
13 70 8
2 19 2
6 39 7
10 25 7
6 57 22
x
3 16 9
4 46 14
x
12 10 17
0 74 5
x
3 75 26
13 95 38
5 84 29
x
3 48 43
6 54 24
14 92 36
10 49 26
11 81 31
13 35 1
4 19 4
13 79 26
15 98 21
9 75 23
1 84 32
10 0 18
14 77 26
7 65 10
5 2 44
6 0 15
0 68 38
15 64 43
4 82 34
5 93 29
5 9 4
0 25 0
7 31 27
14 82 22
x
8 6 10
15 65 19
x
1 8 13
x
x
3 88 20
x
4 43 6
4 29 20
7 48 24
2 20 14
x
x
3 50 18
13 8 16
x
9 20 14
x
6 76 7
5 78 8
0 82 43
1 99 41
7 3 17
5 68 33
2 56 23
7 78 33
x
4 24 8
0 14 3
14 13 6
8 49 44
1 87 19
4 95 39
8 0 40
x
11 5 15
15 22 39
9 90 23
8 58 6
6 70 39
5 97 34
x
2 63 17
15 75 10
7 93 25
12 42 26
0 41 40
12 12 19
x
7 88 40
2 51 10
x
1 80 11
3 89 16
5 73 38
6 97 8
8 97 7
x
4 84 8
7 85 19
x
4 45 41
10 12 29
12 31 22
11 15 32
12 38 28
13 26 2
14 1 16
x
0 65 20
9 51 3
13 10 14
3 58 3
x
4 3 3
1 16 2
7 37 41
13 17 31
12 58 16
2 30 31
8 31 9
0 22 44
10 83 28
15 5 30
8 79 13
12 4 20
x
1 4 31
2 27 39
6 84 28
7 57 8
8 63 23
10 24 30
3 54 37
9 98 42
4 54 17
2 0 19
5 39 25
10 79 2
2 13 40
8 12 29
8 40 7
5 85 29
9 68 21
x
x
6 87 6
7 36 41
10 70 3
7 10 36
11 0 37
9 69 22
3 27 13
11 12 15
11 75 17
11 84 40
10 55 43
11 92 13
8 60 17
x
13 4 37
9 5 10
2 62 30
4 12 5
4 64 2
4 0 44
8 38 16
12 26 44
12 34 37
12 60 16
14 5 31
13 22 24
5 17 40
10 3 34
1 66 15
6 9 16
15 9 41
7 44 8
13 80 15
13 16 7
8 59 12
x
x
x
4 73 14
12 98 36
13 93 10
5 49 43
x
0 37 27
9 81 9
10 7 1
1 35 18
x
11 68 34
0 0 16
5 0 11
x
6 23 27
14 0 35
x
6 6 4
2 57 20
7 16 21
8 96 19
x
15 1 0
x
15 93 40
10 68 30
11 88 29
0 98 7
x
12 78 10
9 10 41
10 41 38
12 49 5
13 81 21
11 33 33
1 62 9
1 20 30
12 94 4
1 6 35
14 31 15
2 71 22
7 35 10
1 0 37
11 53 5
x
x
9 1 32
13 49 13
12 17 24
x
14 51 2
4 41 23
15 85 34
15 51 31
0 96 31
1 75 23
8 25 24
0 50 17
x
13 13 4
3 31 27
3 79 25
14 4 3
x
1 30 11
4 25 2
1 31 11
3 63 25
4 16 30
2 74 36
x
5 37 1
7 24 12
x
x
5 67 5
7 98 4
0 46 8
2 67 35
3 45 26
3 85 23
8 52 28
7 70 3
5 31 23
x
13 33 40
10 40 2
x
10 75 17
1 28 2
6 62 35
14 10 25
3 95 4
15 18 18
15 35 1
0 43 2
9 15 31
12 90 44
7 80 3
4 76 16
8 99 14
9 38 20
5 22 17
x
3 82 34
x
10 90 21
10 20 0
1 90 20
x
7 53 1
13 74 39
11 18 18
12 64 3
6 8 20
2 49 23
11 28 10
6 35 14
11 19 30
13 28 12
14 29 2
6 46 37
11 24 26
5 25 14
x
4 58 23
5 87 9
7 63 31
2 14 32
x
12 73 6
3 73 18
9 25 35
12 88 8
9 43 0
12 87 38
9 33 39
10 60 27
13 43 9
10 18 43
14 96 38
15 80 8
8 16 31
14 70 28
12 21 33
x
13 31 13
11 36 7
13 15 14
0 62 44
14 35 13
3 38 44
14 6 21
7 18 37
10 78 27
8 75 12
3 61 21
14 22 41
x
15 15 26
13 38 42
9 48 9
11 69 14
4 91 21
15 40 12
0 17 32
6 19 23
14 17 44
5 55 6
12 92 42
15 24 11
14 64 31
1 57 24
13 65 26
x
0 4 30
14 89 24
x
12 0 25
13 56 17
0 29 34
x
1 34 37
x
x
13 1 44
x
2 40 5
x
5 14 24
7 75 41
12 46 9
x
0 60 35
1 55 8
15 28 9
1 46 42
5 45 1
8 72 37
x
3 6 24
8 26 16
3 10 0
9 93 7
11 49 9
14 47 1
15 46 14
1 11 33
5 60 27
15 72 26
9 66 35
x
10 30 6
12 68 38
2 94 7
5 35 44
9 83 44
6 42 3
2 72 38
3 36 17
1 40 12
4 35 13
8 33 22
x
6 51 4
4 8 32
6 27 20
x
x
15 10 16
10 50 33
7 87 5
4 67 40
x
1 70 8
x
x
6 59 26
5 40 11
2 64 15
6 78 25
7 52 14
6 30 29
9 24 14
7 28 28
x
0 90 12
14 65 0
0 12 3
8 5 20
7 7 6
4 50 35
10 33 25
x
x
8 21 35
9 36 1
x
x
x
4 75 21
8 85 43
0 11 16
x
x
3 47 12
6 94 19
11 9 28
x
8 68 11
12 33 30
5 62 37
9 62 29
9 67 30
9 7 11
4 60 22
14 3 14
x
10 31 38
15 57 17
6 11 43
6 16 2
7 15 23
13 60 31
8 1 5
13 58 17
2 7 11
7 41 34
8 84 22
3 2 23
5 91 18
10 99 20
x
13 18 4
7 0 7
3 20 28
5 54 20
1 95 22
9 53 40
8 44 19
9 79 17
14 87 5
x
10 63 5
10 85 36
11 58 42
14 53 33
15 68 36
6 99 4
x
10 89 4
12 8 43
15 54 27
10 96 25
0 64 42
11 91 10
11 79 36
13 6 29
2 90 12
x
5 5 36
2 82 28
5 29 24
14 74 15
3 14 11
14 99 27
6 92 1
7 72 15
15 84 9
x
4 65 43
9 0 25
x
x
12 96 12
0 34 39
x
x
7 27 35
11 44 22
13 90 28
x
15 0 2
14 42 34
8 86 2
1 45 3
15 44 43
0 57 27
0 48 40
x
x
9 86 18
15 91 6
2 35 34
x
1 89 44
8 92 36
4 94 19
5 94 29
15 60 34
2 77 42
3 23 1
9 28 15
14 28 30
5 6 44
x
10 57 24
x
x
3 67 41
7 59 35
11 41 39
10 44 42
7 82 29
12 54 11
x
4 72 26
0 52 26
14 38 19
13 0 39
0 87 33
x
12 44 27
1 77 7
9 95 36
x
11 90 32
0 32 25
11 96 27
3 40 32
x
10 34 19
2 9 30
11 63 21
9 77 18
4 31 19
6 66 41
13 86 0
15 88 43
4 79 42
3 0 7
13 53 12
8 9 35
6 34 3
x
7 20 18
x
10 37 35
10 2 32
8 51 41
12 83 25
