0 94 30
6 79 18
0 8 23
x
3 19 26
9 58 30
x
1 25 4
2 45 0
x
2 86 23
15 32 16
x
15 41 40
14 58 27
4 89 35
15 55 10
0 77 43
2 23 7
10 11 34
11 72 25
x
x
1 49 8
2 2 12
2 99 39
x
x
13 70 40
2 19 0
6 39 3
10 25 3
6 57 14
x
3 16 31
4 46 12
x
12 10 34
0 74 6
x
3 75 34
13 95 17
5 84 22
x
3 48 42
6 54 28
14 92 43
10 49 40
11 81 5
13 35 27
4 19 27
13 79 28
15 98 15
9 75 28
1 84 3
10 0 5
14 77 23
7 65 2
5 2 44
6 0 34
0 68 21
15 64 41
4 82 11
5 93 8
5 9 6
0 25 13
7 31 10
14 82 1
x
8 6 4
15 65 17
x
1 8 32
x
x
3 88 1
x
4 43 2
4 29 39
7 48 1
2 20 24
x
x
3 50 32
13 8 39
x
9 20 22
x
6 76 31
5 78 26
0 82 24
1 99 7
7 3 21
5 68 43
2 56 31
7 78 19
x
4 24 21
0 14 22
14 13 36
8 49 1
1 87 13
4 95 32
8 0 5
x
11 5 9
15 22 38
9 90 8
8 58 18
6 70 17
5 97 30
x
2 63 32
15 75 2
7 93 28
12 42 12
0 41 43
12 12 19
x
7 88 38
2 51 6
x
1 80 42
3 89 44
5 73 33
6 97 16
8 97 5
x
4 84 3
7 85 23
x
4 45 27
10 12 41
12 31 35
11 15 5
12 38 24
13 26 24
14 1 8
x
0 65 25
9 51 13
13 10 8
3 58 28
x
4 3 25
1 16 25
7 37 32
13 17 6
12 58 15
2 30 5
8 31 41
0 22 19
10 83 31
15 5 28
8 79 15
12 4 15
x
1 4 24
2 27 38
6 84 36
7 57 7
8 63 26
10 24 44
3 54 37
9 98 20
4 54 0
2 0 7
5 39 4
10 79 22
2 13 8
8 12 38
8 40 32
5 85 14
9 68 3
x
x
6 87 26
7 36 32
10 70 24
7 10 39
11 0 1
9 69 16
3 27 2
11 12 10
11 75 36
11 84 11
10 55 1
11 92 22
8 60 13
x
13 4 24
9 5 41
2 62 10
4 12 15
4 64 42
4 0 8
8 38 8
12 26 27
12 34 26
12 60 0
14 5 26
13 22 14
5 17 21
10 3 17
1 66 37
6 9 42
15 9 8
7 44 4
13 80 35
13 16 28
8 59 13
x
x
x
4 73 16
12 98 12
13 93 6
5 49 34
x
0 37 14
9 81 10
10 7 37
1 35 20
x
11 68 11
0 0 11
5 0 25
x
6 23 4
14 0 2
x
6 6 35
2 57 32
7 16 4
8 96 19
x
15 1 8
x
15 93 21
10 68 0
11 88 37
0 98 27
x
12 78 8
9 10 43
10 41 2
12 49 2
13 81 23
11 33 13
1 62 13
1 20 9
12 94 38
1 6 14
14 31 3
2 71 12
7 35 31
1 0 17
11 53 35
x
x
9 1 10
13 49 25
12 17 32
x
14 51 3
4 41 43
15 85 13
15 51 18
0 96 42
1 75 1
8 25 11
0 50 30
x
13 13 35
3 31 6
3 79 11
14 4 21
x
1 30 31
4 25 5
1 31 19
3 63 34
4 16 18
2 74 30
x
5 37 18
7 24 37
x
x
5 67 18
7 98 16
0 46 3
2 67 22
3 45 12
3 85 42
8 52 2
7 70 42
5 31 17
x
13 33 30
10 40 22
x
10 75 0
1 28 37
6 62 19
14 10 39
3 95 4
15 18 15
15 35 39
0 43 28
9 15 7
12 90 24
7 80 15
4 76 16
8 99 11
9 38 0
5 22 27
x
3 82 41
x
10 90 30
10 20 19
1 90 15
x
7 53 7
13 74 41
11 18 9
12 64 22
6 8 20
2 49 31
11 28 34
6 35 33
11 19 4
13 28 29
14 29 40
6 46 38
11 24 7
5 25 29
x
4 58 43
5 87 40
7 63 13
2 14 35
x
12 73 37
3 73 39
9 25 13
12 88 9
9 43 40
12 87 7
9 33 29
10 60 20
13 43 32
10 18 21
14 96 22
15 80 5
8 16 30
14 70 37
12 21 9
x
13 31 38
11 36 0
13 15 1
0 62 34
14 35 12
3 38 28
14 6 29
7 18 8
10 78 35
8 75 10
3 61 23
14 22 33
x
15 15 24
13 38 3
9 48 35
11 69 43
4 91 40
15 40 3
0 17 12
6 19 13
14 17 38
5 55 13
12 92 34
15 24 29
14 64 20
1 57 28
13 65 19
x
0 4 7
14 89 12
x
12 0 28
13 56 13
0 29 16
x
1 34 15
x
x
13 1 26
x
2 40 20
x
5 14 14
7 75 35
12 46 18
x
0 60 10
1 55 3
15 28 9
1 46 1
5 45 11
8 72 25
x
3 6 11
8 26 18
3 10 21
9 93 14
11 49 44
14 47 4
15 46 42
1 11 41
5 60 28
15 72 17
9 66 28
x
10 30 5
12 68 25
2 94 14
5 35 41
9 83 1
6 42 6
2 72 25
3 36 22
1 40 36
4 35 41
8 33 6
x
6 51 1
4 8 24
6 27 23
x
x
15 10 16
10 50 36
7 87 44
4 67 31
x
1 70 31
x
x
6 59 15
5 40 5
2 64 30
6 78 11
7 52 24
6 30 40
9 24 6
7 28 3
x
0 90 37
14 65 0
0 12 44
8 5 30
7 7 34
4 50 23
10 33 19
x
x
8 21 9
9 36 24
x
x
x
4 75 11
8 85 21
0 11 33
x
x
3 47 34
6 94 16
11 9 6
x
8 68 31
12 33 5
5 62 44
9 62 12
9 67 41
9 7 36
4 60 42
14 3 20
x
10 31 40
15 57 33
6 11 11
6 16 24
7 15 30
13 60 43
8 1 37
13 58 30
2 7 34
7 41 27
8 84 6
3 2 20
5 91 4
10 99 21
x
13 18 9
7 0 0
3 20 15
5 54 38
1 95 11
9 53 31
8 44 35
9 79 35
14 87 6
x
10 63 18
10 85 33
11 58 33
14 53 10
15 68 26
6 99 1
x
10 89 31
12 8 28
15 54 23
10 96 39
0 64 39
11 91 40
11 79 30
13 6 39
2 90 18
x
5 5 7
2 82 9
5 29 7
14 74 8
3 14 35
14 99 3
6 92 12
7 72 18
15 84 25
x
4 65 43
9 0 41
x
x
12 96 44
0 34 16
x
x
7 27 9
11 44 39
13 90 38
x
15 0 38
14 42 44
8 86 20
1 45 14
15 44 14
0 57 31
0 48 12
x
x
9 86 36
15 91 26
2 35 29
x
1 89 29
8 92 22
4 94 10
5 94 12
15 60 36
2 77 42
3 23 5
9 28 21
14 28 1
5 6 39
x
10 57 38
x
x
3 67 33
7 59 44
11 41 23
10 44 42
7 82 34
12 54 16
x
4 72 7
0 52 40
14 38 31
13 0 1
0 87 27
x
12 44 18
1 77 44
9 95 2
x
11 90 20
0 32 1
11 96 20
3 40 39
x
10 34 7
2 9 27
11 63 19
9 77 34
4 31 17
6 66 29
13 86 36
15 88 11
4 79 5
3 0 19
13 53 29
8 9 44
6 34 26
x
7 20 14
x
10 37 26
10 2 18
8 51 36
12 83 10
