0 94 40
6 79 8
0 8 8
x
3 19 39
9 58 21
x
1 25 31
2 45 5
x
2 86 36
15 32 26
x
15 41 29
14 58 32
4 89 29
15 55 29
0 77 28
2 23 26
10 11 39
11 72 36
x
x
1 49 12
2 2 17
2 99 29
x
x
13 70 18
2 19 13
6 39 14
10 25 35
6 57 39
x
3 16 27
4 46 37
x
12 10 23
0 74 9
x
3 75 27
13 95 15
5 84 36
x
3 48 39
6 54 44
14 92 10
10 49 16
11 81 3
13 35 19
4 19 0
13 79 34
15 98 10
9 75 22
1 84 6
10 0 5
14 77 18
7 65 43
5 2 17
6 0 11
0 68 12
15 64 40
4 82 21
5 93 7
5 9 10
0 25 38
7 31 1
14 82 29
x
8 6 19
15 65 38
x
1 8 4
x
x
3 88 33
x
4 43 27
4 29 33
7 48 35
2 20 30
x
x
3 50 30
13 8 36
x
9 20 10
x
6 76 42
5 78 0
0 82 4
1 99 43
7 3 2
5 68 19
2 56 32
7 78 13
x
4 24 2
0 14 1
14 13 33
8 49 9
1 87 28
4 95 39
8 0 44
x
11 5 22
15 22 25
9 90 39
8 58 18
6 70 23
5 97 31
x
2 63 43
15 75 3
7 93 41
12 42 36
0 41 11
12 12 2
x
7 88 33
2 51 43
x
1 80 43
3 89 12
5 73 6
6 97 22
8 97 44
x
4 84 13
7 85 31
x
4 45 5
10 12 13
12 31 16
11 15 19
12 38 35
13 26 33
14 1 42
x
0 65 5
9 51 42
13 10 31
3 58 22
x
4 3 4
1 16 33
7 37 5
13 17 7
12 58 7
2 30 14
8 31 20
0 22 36
10 83 30
15 5 24
8 79 31
12 4 16
x
1 4 38
2 27 41
6 84 8
7 57 16
8 63 7
10 24 15
3 54 10
9 98 11
4 54 22
2 0 27
5 39 3
10 79 29
2 13 24
8 12 41
8 40 25
5 85 5
9 68 35
x
x
6 87 27
7 36 32
10 70 17
7 10 29
11 0 28
9 69 14
3 27 1
11 12 6
11 75 19
11 84 21
10 55 44
11 92 43
8 60 26
x
13 4 26
9 5 38
2 62 17
4 12 21
4 64 37
4 0 28
8 38 16
12 26 20
12 34 28
12 60 11
14 5 41
13 22 30
5 17 2
10 3 43
1 66 28
6 9 16
15 9 8
7 44 25
13 80 40
13 16 27
8 59 33
x
x
x
4 73 4
12 98 25
13 93 14
5 49 1
x
0 37 27
9 81 34
10 7 36
1 35 32
x
11 68 13
0 0 34
5 0 3
x
6 23 17
14 0 2
x
6 6 44
2 57 25
7 16 38
8 96 19
x
15 1 35
x
15 93 27
10 68 16
11 88 16
0 98 37
x
12 78 8
9 10 31
10 41 7
12 49 22
13 81 39
11 33 25
1 62 14
1 20 0
12 94 39
1 6 23
14 31 40
2 71 24
7 35 42
1 0 14
11 53 4
x
x
9 1 30
13 49 41
12 17 23
x
14 51 17
4 41 33
15 85 13
15 51 41
0 96 24
1 75 4
8 25 24
0 50 25
x
13 13 28
3 31 0
3 79 36
14 4 7
x
1 30 34
4 25 12
1 31 30
3 63 22
4 16 6
2 74 41
x
5 37 36
7 24 24
x
x
5 67 5
7 98 15
0 46 20
2 67 9
3 45 38
3 85 44
8 52 8
7 70 23
5 31 14
x
13 33 25
10 40 28
x
10 75 5
1 28 18
6 62 37
14 10 9
3 95 11
15 18 22
15 35 9
0 43 41
9 15 23
12 90 42
7 80 31
4 76 32
8 99 9
9 38 44
5 22 35
x
3 82 13
x
10 90 23
10 20 41
1 90 5
x
7 53 34
13 74 37
11 18 2
12 64 38
6 8 29
2 49 19
11 28 5
6 35 25
11 19 32
13 28 27
14 29 0
6 46 33
11 24 12
5 25 32
x
4 58 1
5 87 22
7 63 7
2 14 33
x
12 73 37
3 73 42
9 25 26
12 88 11
9 43 40
12 87 22
9 33 33
10 60 44
13 43 7
10 18 24
14 96 34
15 80 34
8 16 36
14 70 30
12 21 39
x
13 31 34
11 36 7
13 15 8
0 62 9
14 35 26
3 38 12
14 6 2
7 18 5
10 78 40
8 75 13
3 61 19
14 22 15
x
15 15 17
13 38 2
9 48 29
11 69 39
4 91 28
15 40 12
0 17 19
6 19 30
14 17 3
5 55 27
12 92 43
15 24 44
14 64 27
1 57 21
13 65 16
x
0 4 26
14 89 16
x
12 0 44
13 56 31
0 29 14
x
1 34 7
x
x
13 1 20
x
2 40 44
x
5 14 10
7 75 21
12 46 16
x
0 60 27
1 55 1
15 28 8
1 46 17
5 45 18
8 72 39
x
3 6 39
8 26 35
3 10 34
9 93 3
11 49 34
14 47 4
15 46 6
1 11 10
5 60 16
15 72 32
9 66 32
x
10 30 43
12 68 1
2 94 21
5 35 21
9 83 5
6 42 26
2 72 16
3 36 10
1 40 24
4 35 40
8 33 37
x
6 51 7
4 8 15
6 27 34
x
x
15 10 0
10 50 6
7 87 8
4 67 30
x
1 70 6
x
x
6 59 35
5 40 20
2 64 12
6 78 36
7 52 42
6 30 6
9 24 27
7 28 10
x
0 90 2
14 65 25
0 12 41
8 5 25
7 7 3
4 50 38
10 33 22
x
x
8 21 38
9 36 22
x
x
x
4 75 17
8 85 0
0 11 25
x
x
3 47 36
6 94 3
11 9 1
x
8 68 20
12 33 44
5 62 42
9 62 4
9 67 4
9 7 15
4 60 20
14 3 22
x
10 31 16
15 57 42
6 11 40
6 16 0
7 15 24
13 60 29
8 1 30
13 58 1
2 7 3
7 41 7
8 84 12
3 2 42
5 91 41
10 99 32
x
13 18 11
7 0 36
3 20 19
5 54 17
1 95 26
9 53 24
8 44 2
9 79 43
14 87 20
x
10 63 42
10 85 11
11 58 40
14 53 28
15 68 40
6 99 35
x
10 89 41
12 8 38
15 54 29
10 96 18
0 64 28
11 91 34
11 79 24
13 6 17
2 90 11
x
5 5 19
2 82 3
5 29 15
14 74 21
3 14 25
14 99 40
6 92 3
7 72 42
15 84 3
x
4 65 8
9 0 9
x
x
12 96 13
0 34 18
x
x
7 27 25
11 44 20
13 90 9
x
15 0 32
14 42 35
8 86 15
1 45 43
15 44 26
0 57 6
0 48 4
x
x
9 86 17
15 91 31
2 35 16
x
1 89 27
8 92 1
4 94 24
5 94 43
15 60 23
2 77 19
3 23 4
9 28 13
14 28 43
5 6 26
x
10 57 15
x
x
3 67 9
7 59 38
11 41 44
10 44 38
7 82 18
12 54 10
x
4 72 28
0 52 7
14 38 37
13 0 26
0 87 17
x
12 44 17
1 77 29
9 95 37
x
11 90 37
0 32 24
11 96 31
3 40 20
x
10 34 12
2 9 23
11 63 42
9 77 28
4 31 8
6 66 18
13 86 42
15 88 36
4 79 14
3 0 14
13 53 13
8 9 14
6 34 14
x
7 20 9
x
10 37 32
10 2 2
8 51 24
12 83 18
