0 38 21
11 12 23
8 96 35
x
x
10 96 5
x
8 81 38
12 97 17
x
10 19 33
12 86 37
x
14 60 42
11 61 6
0 71 1
15 55 7
4 95 37
5 34 32
13 26 42
15 80 44
x
x
11 56 0
11 51 13
12 96 40
x
x
3 68 35
12 94 12
12 38 9
13 73 8
5 90 24
4 91 41
10 37 7
2 96 26
x
0 36 3
x
x
3 53 5
10 77 25
11 99 27
2 92 8
11 77 28
13 97 27
2 88 7
x
10 33 30
8 54 40
4 19 39
11 26 25
3 50 15
3 47 8
12 35 41
1 37 25
13 21 3
10 28 11
11 11 3
11 94 8
12 30 38
10 27 3
3 16 4
10 18 3
11 89 10
8 92 15
11 86 41
9 60 4
x
2 86 10
6 97 40
x
9 20 32
x
x
9 99 18
13 44 15
9 41 30
1 52 20
5 40 0
9 96 14
9 55 23
13 40 39
13 95 40
0 49 28
x
8 68 22
x
9 53 19
8 49 27
8 44 9
9 19 21
5 79 4
8 39 8
8 90 22
0 45 40
x
x
7 31 33
5 30 35
0 34 10
12 84 16
5 74 3
6 96 26
x
3 12 41
13 38 10
8 65 11
x
8 34 42
5 87 15
x
6 74 4
5 69 26
8 29 1
x
6 6 24
11 46 1
x
9 14 0
4 35 13
x
3 8 9
8 24 13
11 81 40
0 32 10
5 99 39
8 3 9
9 9 22
0 30 15
x
5 68 42
7 95 32
0 28 43
0 43 32
5 96 22
5 39 34
4 62 1
x
6 93 40
12 92 16
5 65 36
7 28 7
x
7 90 24
4 58 18
2 44 31
4 34 43
0 26 2
7 85 11
15 98 30
8 62 23
x
7 25 44
2 69 44
9 70 15
x
15 53 2
1 49 10
6 90 44
14 96 37
7 80 14
x
8 87 16
12 28 8
4 15 7
x
x
9 93 30
4 14 12
13 34 14
9 37 25
14 0 25
3 99 33
x
x
7 75 38
x
7 70 37
8 19 31
7 65 6
6 69 28
2 82 5
9 90 8
10 24 24
4 87 44
x
8 58 5
6 66 0
x
0 98 22
0 24 13
x
1 44 31
3 67 10
10 92 6
14 25 11
6 0 29
3 95 33
10 44 2
3 63 43
3 90 20
7 60 23
9 5 6
3 31 30
14 23 20
3 36 22
10 40 26
1 60 7
1 43 17
0 70 31
x
x
x
x
0 22 24
0 20 19
10 87 19
x
6 87 24
0 18 32
2 78 25
2 74 36
x
x
7 21 43
0 8 7
x
1 96 34
0 48 10
x
12 27 35
4 54 20
0 68 12
14 22 13
x
4 10 29
x
6 28 6
13 93 10
0 6 43
12 25 43
x
7 16 2
5 25 33
6 84 12
1 55 15
6 61 37
6 58 25
10 83 14
7 55 4
0 41 44
14 94 26
10 73 30
0 17 41
x
2 40 20
6 23 4
x
x
9 66 42
2 36 19
2 32 23
x
0 15 42
14 92 44
12 22 27
5 0 38
0 4 0
12 82 43
x
14 91 36
x
14 89 39
4 50 10
1 40 9
x
x
14 88 17
11 24 33
1 34 5
15 52 39
15 28 40
14 57 35
x
3 65 37
0 65 34
x
x
13 92 39
11 75 34
14 56 35
2 28 15
0 2 20
5 84 25
6 18 34
14 86 6
3 4 13
6 53 44
14 20 3
x
x
6 81 13
x
1 92 11
6 50 27
7 50 36
2 24 38
7 45 15
12 79 8
6 13 2
x
13 71 1
15 25 38
14 19 31
3 86 36
14 83 13
x
1 24 42
x
10 68 21
4 84 30
6 8 26
x
1 88 22
3 82 29
13 91 24
7 12 12
12 21 36
14 54 26
8 14 17
12 17 26
5 60 11
0 95 3
14 17 2
7 40 21
4 41 5
1 84 7
x
0 0 36
2 65 3
0 13 9
5 55 17
x
8 9 23
x
11 43 38
12 90 9
4 45 17
15 51 31
2 62 28
1 31 38
9 84 29
0 11 39
11 79 7
2 21 41
4 29 41
10 64 17
10 12 1
9 79 20
11 9 19
9 48 41
14 82 36
13 53 12
12 76 27
x
9 75 18
14 15 24
14 14 29
0 61 16
14 52 26
9 43 33
x
0 92 34
5 50 43
1 28 41
2 58 21
1 21 23
14 81 33
4 5 43
9 33 26
5 45 9
6 76 35
14 12 19
3 43 12
x
3 78 32
7 35 22
x
2 17 12
1 18 25
x
11 5 16
x
0 89 40
x
15 50 30
3 27 4
x
15 5 30
x
4 79 16
x
14 49 8
1 15 44
15 2 4
3 73 14
14 79 17
14 77 29
1 81 33
11 22 17
12 13 43
1 12 14
x
3 23 37
3 38 6
7 8 5
14 47 16
6 46 17
6 42 14
4 74 22
11 70 30
14 75 33
9 30 40
12 75 37
x
13 90 27
2 53 18
3 58 2
12 73 41
0 86 38
12 69 40
8 99 15
15 79 43
9 0 36
12 64 28
12 59 18
x
12 56 7
6 38 10
15 76 42
x
x
10 59 43
11 38 28
15 24 2
5 20 0
x
4 0 23
x
x
0 83 42
14 43 28
9 27 6
14 42 30
14 41 17
1 9 32
12 12 44
1 6 19
x
2 13 4
5 15 18
x
15 49 28
8 0 37
8 77 28
14 40 9
x
x
3 0 7
12 54 2
x
x
x
12 11 23
13 89 31
x
13 67 32
x
14 11 19
9 24 44
15 73 12
x
0 80 39
14 39 14
13 16 31
0 77 31
14 38 44
1 78 21
8 84 25
x
x
14 73 25
12 8 3
13 11 0
15 46 42
15 97 0
5 10 29
2 9 24
14 71 16
13 87 35
12 51 37
15 96 1
11 18 31
15 95 13
15 45 3
x
1 74 18
15 42 13
15 70 41
15 94 26
15 20 34
10 54 42
5 5 20
14 36 5
14 69 25
x
10 49 4
7 4 27
11 0 27
11 33 9
13 49 29
15 93 35
11 28 14
14 10 17
12 49 21
15 41 6
13 8 23
15 92 18
15 91 28
13 85 39
13 83 6
1 70 2
x
x
2 49 35
14 67 1
12 46 5
14 34 3
15 90 30
14 65 43
15 67 20
14 64 23
x
x
15 89 35
x
x
13 81 16
15 38 8
x
x
15 66 34
13 3 19
0 74 37
x
15 88 17
10 7 31
4 69 14
15 87 24
15 36 19
13 0 16
13 65 10
x
x
1 3 3
14 32 11
2 4 34
x
15 86 9
7 0 39
15 85 7
5 93 1
15 32 22
10 2 35
12 42 12
4 64 24
x
15 63 13
x
0 58 1
x
x
13 29 21
12 4 21
4 24 38
1 66 1
0 55 30
2 0 37
x
x
8 72 36
15 16 39
x
0 52 15
x
12 2 30
15 13 27
15 60 23
x
15 84 24
15 0 7
1 62 39
13 60 20
x
11 68 21
14 28 9
15 57 0
13 79 12
13 56 18
3 19 19
14 6 32
1 0 27
14 3 11
x
10 0 10
x
x
x
6 34 16
x
12 0 26
14 99 18
13 28 12
15 9 11
