5 55 38
x
14 76 33
12 13 27
7 1 35
4 3 41
12 30 38
10 26 34
13 45 11
x
x
15 18 40
2 15 21
10 33 8
5 39 27
x
10 40 10
5 10 3
10 53 9
10 96 8
x
9 25 21
8 11 15
12 48 24
1 91 37
x
15 95 35
9 62 23
9 96 14
9 66 5
15 0 17
1 8 8
2 49 34
x
11 31 7
1 83 6
2 76 36
15 66 19
0 48 39
13 50 26
x
11 73 35
7 67 2
9 75 2
11 30 33
13 35 44
6 13 24
x
3 54 43
4 86 37
6 76 22
x
9 72 32
x
9 69 36
5 70 20
x
x
0 24 14
2 6 32
5 23 38
0 22 1
5 46 9
x
x
4 55 36
7 83 38
1 17 20
1 79 1
15 44 20
x
x
12 10 37
x
0 77 8
1 47 29
14 41 44
x
x
6 66 2
1 40 6
7 43 5
4 80 3
x
x
14 52 27
6 91 33
9 15 14
x
1 22 18
x
x
8 79 32
15 46 25
9 24 7
3 98 19
11 84 20
3 19 39
1 51 36
4 93 2
x
x
8 47 11
x
x
3 14 43
3 31 26
7 31 24
2 75 18
7 52 29
0 3 10
10 88 4
10 49 34
5 15 7
13 7 35
0 95 22
1 46 2
10 12 23
8 29 34
x
3 81 12
7 59 18
13 28 22
0 61 34
12 43 7
0 18 18
6 34 33
x
10 28 12
10 24 36
x
0 43 13
3 24 20
x
x
0 15 0
6 46 38
15 84 15
8 16 37
10 57 3
14 6 40
5 0 20
1 43 8
10 2 14
6 80 19
0 6 12
3 20 20
x
8 84 11
x
x
x
13 63 7
14 67 5
8 25 31
11 57 24
x
13 73 11
x
9 34 15
5 57 19
12 20 10
11 68 0
4 76 32
x
14 78 44
x
8 21 22
3 1 34
2 63 5
14 45 25
12 96 19
2 32 15
13 56 36
6 85 34
x
3 59 7
7 9 4
x
8 33 23
8 86 38
x
5 76 17
10 41 4
5 80 19
9 85 39
1 77 41
12 73 24
13 32 7
11 1 12
5 84 10
13 94 13
12 59 2
x
2 14 39
12 33 20
0 55 22
x
2 39 7
5 96 1
5 66 39
4 46 25
4 68 42
10 91 30
13 96 7
13 79 0
3 0 22
12 54 5
15 32 37
8 99 31
x
6 54 24
13 81 20
x
3 29 1
5 94 30
x
15 39 1
x
8 13 12
0 20 17
12 60 14
7 15 14
8 72 13
2 93 24
x
10 0 0
2 82 33
12 64 20
2 80 23
8 74 8
x
13 90 27
x
3 53 24
7 35 20
6 1 36
x
6 39 27
15 33 16
5 48 33
10 37 23
3 67 24
1 56 26
3 73 5
7 71 38
15 51 17
3 4 8
12 86 16
0 82 43
10 70 9
8 42 14
3 47 15
10 75 32
6 6 35
14 99 31
4 31 17
15 58 6
14 4 30
7 4 31
8 0 19
x
2 24 23
15 85 31
11 51 4
14 59 11
10 6 24
4 65 39
4 1 26
x
15 57 29
x
x
14 61 1
9 8 18
5 67 19
12 53 16
7 29 20
14 34 44
3 33 24
9 31 39
5 65 18
4 41 33
14 56 15
9 82 20
x
14 95 37
2 70 33
x
x
15 93 30
12 92 37
11 93 26
6 31 11
9 79 13
2 19 10
7 57 16
11 89 43
9 44 35
1 49 3
x
x
10 50 12
14 74 18
2 28 16
13 38 32
13 0 21
x
0 35 40
15 63 14
14 20 10
x
x
x
x
11 80 41
x
0 0 16
8 22 11
4 29 16
4 18 4
15 21 17
11 61 9
6 89 13
5 72 8
6 57 17
12 90 25
4 14 40
x
10 86 8
6 8 26
3 86 37
5 50 20
14 28 43
10 18 25
14 82 15
0 28 15
10 44 40
5 62 17
7 2 4
11 19 33
15 29 15
10 60 39
7 77 14
9 37 14
0 1 21
x
5 93 17
x
3 65 11
5 30 21
1 28 38
x
0 66 16
12 0 28
0 52 41
2 55 4
12 6 34
15 68 3
x
6 52 22
12 36 32
2 81 17
3 38 6
7 97 40
x
11 3 42
6 70 21
2 79 5
x
2 94 5
6 61 3
4 90 15
7 64 1
6 47 30
7 88 41
0 12 27
5 20 44
0 41 20
5 87 12
7 93 40
14 15 2
x
13 5 4
x
4 45 32
3 90 14
8 93 17
3 95 23
x
11 48 24
3 42 6
9 49 6
0 31 28
7 68 11
4 59 24
6 0 39
15 35 40
13 85 12
3 78 31
12 93 40
11 7 21
7 25 13
9 20 27
13 75 22
x
6 17 40
3 50 1
5 5 35
14 90 26
13 61 4
15 79 15
4 11 44
x
x
x
7 39 18
6 44 18
15 89 26
13 41 19
12 25 21
x
2 64 43
10 79 22
4 0 24
x
2 60 5
2 34 2
0 68 42
x
x
0 57 14
7 24 24
11 0 3
3 9 10
x
x
11 23 19
6 72 6
12 82 34
6 35 15
x
0 33 27
x
x
x
4 35 5
4 97 35
2 1 14
x
12 77 37
9 28 30
0 91 15
x
12 58 20
8 9 18
0 74 3
11 69 41
13 52 3
6 26 39
x
12 68 2
x
11 79 14
x
x
1 62 13
11 28 43
8 18 9
8 43 15
1 75 19
4 84 16
1 63 24
15 9 31
5 45 32
14 70 9
x
15 14 41
1 0 0
2 74 28
15 73 27
10 83 40
9 5 7
14 31 43
x
7 19 2
2 86 17
1 55 3
14 64 14
11 45 11
5 86 44
1 96 1
x
0 25 37
15 24 34
15 76 16
4 89 43
4 50 25
11 33 13
9 67 2
7 81 4
x
11 18 21
x
7 0 37
8 92 16
2 13 31
13 12 43
14 49 0
8 58 7
6 38 19
8 4 36
0 86 26
11 37 6
4 7 11
1 13 13
7 86 2
x
x
5 33 9
13 68 28
x
8 10 29
x
13 49 26
x
2 0 35
11 70 44
4 79 37
2 69 22
x
1 68 33
7 48 30
14 71 40
0 23 10
8 61 43
4 25 1
10 9 43
2 11 27
0 11 2
7 91 5
x
x
9 12 18
6 94 2
12 42 23
14 8 17
x
7 13 16
7 74 18
8 52 35
x
2 62 30
x
8 65 30
8 68 44
11 44 24
x
1 70 10
x
10 97 27
5 7 12
4 9 33
x
x
7 10 12
1 2 44
2 43 6
9 57 15
4 24 1
2 51 2
9 43 14
5 59 13
2 96 41
9 0 32
13 23 3
1 34 37
14 3 10
14 38 33
5 28 44
1 31 9
10 20 41
9 91 12
10 65 17
13 19 21
9 59 11
12 2 35
11 97 41
1 4 14
x
9 90 30
x
12 16 14
3 36 33
2 66 41
14 35 36
14 25 16
0 97 37
4 73 22
13 57 33
3 58 10
14 0 31
11 53 1
11 12 3
x
14 93 37
9 53 28
13 16 44
1 15 34
6 22 3
6 96 9
2 89 18
14 87 33
13 65 7
11 42 8
x
0 44 15
4 64 7
14 10 14
1 87 44
15 3 37
3 40 24
8 73 16
10 99 16
8 38 4
