8 96 37
7 29 1
5 90 32
14 95 24
0 50 7
x
14 92 36
4 98 8
14 89 22
9 60 15
4 59 0
14 24 14
5 79 13
13 24 2
x
4 57 4
0 41 39
11 12 13
6 29 8
0 39 5
11 9 6
13 45 7
3 62 15
x
12 36 1
12 88 29
8 52 18
11 6 16
x
0 38 8
10 79 16
7 95 16
10 93 8
6 25 26
0 48 21
6 21 23
10 97 4
2 98 22
10 76 15
1 98 4
10 72 18
x
0 9 10
6 71 31
12 87 27
7 92 9
x
0 37 6
8 93 44
10 45 39
x
14 62 31
7 27 2
2 59 38
10 69 10
12 98 40
11 61 43
x
3 36 25
x
x
0 36 16
1 52 24
14 61 25
12 31 22
3 68 1
7 89 18
x
2 69 0
0 98 42
5 35 38
10 13 14
10 33 38
7 84 43
11 56 38
13 99 10
12 83 40
12 82 28
0 34 17
4 94 44
7 81 12
8 47 34
5 75 30
0 71 18
0 32 5
7 23 3
11 3 24
7 76 40
0 69 11
x
8 42 16
0 31 3
11 96 12
x
0 30 27
8 81 35
9 37 32
0 29 24
4 37 2
x
8 79 21
11 25 40
x
14 60 12
15 6 38
5 96 7
0 27 22
3 54 9
0 26 42
x
3 15 20
6 97 7
14 88 21
x
x
0 67 30
13 44 35
9 55 24
4 90 26
x
x
11 91 7
5 71 5
x
x
0 65 31
0 25 35
9 84 15
10 64 2
0 96 25
1 25 13
14 87 22
x
8 77 10
5 88 27
6 18 13
3 65 31
6 6 31
13 22 42
3 32 26
9 72 42
6 68 42
0 62 34
4 19 24
x
x
5 67 42
13 54 12
12 80 6
x
0 94 17
3 12 18
13 97 1
6 65 4
x
4 86 36
6 62 26
0 92 3
3 9 18
4 83 36
11 23 13
x
0 24 35
13 75 4
7 74 30
5 63 14
13 95 17
14 86 5
2 45 17
14 59 33
3 5 43
8 38 30
8 75 21
13 43 6
5 59 41
11 88 16
x
14 85 19
9 95 41
x
x
x
x
2 42 4
2 39 12
5 55 15
13 41 2
x
2 36 37
13 39 33
0 60 22
11 54 23
14 84 43
x
14 58 38
2 33 37
0 90 42
x
x
5 31 35
14 83 42
x
7 69 13
5 27 2
5 23 5
9 53 38
14 82 31
4 79 43
14 57 7
13 94 26
14 56 27
2 30 8
3 45 37
2 27 29
13 37 7
0 22 0
0 88 44
9 67 21
0 21 15
2 24 26
8 73 28
4 15 10
x
0 20 16
0 19 29
4 75 38
0 45 33
5 51 39
x
0 18 4
7 64 36
14 81 3
x
0 58 0
13 36 13
4 71 5
x
7 60 17
x
0 86 12
11 76 1
11 86 23
9 18 4
x
x
1 36 32
9 13 26
x
2 21 36
5 19 23
x
12 79 42
11 74 36
5 15 33
0 17 43
14 80 26
4 67 31
x
2 96 6
6 57 32
3 28 30
x
10 9 23
10 5 30
8 69 23
15 98 21
6 94 32
2 18 4
8 67 19
12 96 3
14 79 2
0 16 9
8 34 18
11 72 18
x
4 12 0
14 78 2
13 20 36
14 1 3
6 55 6
2 15 6
0 15 21
2 12 33
5 93 1
12 28 25
8 99 23
2 56 20
2 9 25
9 80 18
13 93 18
0 56 40
13 35 1
x
11 84 38
13 72 41
x
9 93 2
x
6 89 25
9 51 0
0 8 31
0 7 14
4 34 4
13 33 30
x
2 6 2
x
4 53 18
9 8 30
13 69 23
x
0 14 13
8 65 2
2 3 33
13 32 21
x
7 20 16
0 13 7
5 0 12
14 54 11
x
10 61 35
x
2 94 38
2 52 12
x
13 92 4
3 96 12
14 77 24
0 54 14
7 55 18
7 16 19
x
7 13 33
12 77 0
4 7 3
2 0 36
3 90 24
1 95 9
9 35 20
x
12 26 32
6 84 25
3 1 40
x
13 30 23
2 91 13
15 97 38
9 3 30
0 6 21
1 92 30
1 89 37
x
10 91 6
6 82 29
12 23 5
9 75 14
4 49 2
x
13 15 13
9 91 24
8 29 23
14 0 30
10 89 10
7 10 4
0 84 25
10 29 35
6 80 33
13 53 17
x
9 1 26
x
13 66 44
1 86 42
x
1 83 34
1 80 37
13 63 28
14 53 5
8 24 28
4 45 18
x
5 10 25
8 63 21
x
0 5 6
x
x
1 77 0
x
1 74 43
7 50 30
5 40 5
13 90 38
13 12 35
1 44 18
0 4 3
3 24 33
7 45 35
2 49 30
2 89 10
x
14 20 1
15 3 28
13 60 28
6 2 39
8 19 29
10 37 11
0 52 4
1 71 21
6 0 25
7 6 11
4 24 13
4 3 7
4 30 15
7 40 20
3 20 2
9 33 41
6 14 16
5 6 43
x
x
8 89 14
1 68 36
14 76 34
7 36 24
15 96 15
x
x
8 6 19
5 85 7
11 80 24
12 76 13
12 75 34
x
x
11 49 2
12 71 16
13 9 2
3 58 6
2 66 1
11 44 0
2 87 4
x
11 39 9
0 3 32
6 9 0
3 42 10
7 1 5
1 58 19
5 46 18
1 49 3
x
13 57 40
14 52 16
14 51 40
1 65 31
14 75 38
1 62 30
12 18 14
12 67 34
11 34 38
0 82 13
0 2 41
1 41 30
12 63 20
13 29 40
3 50 5
1 33 24
14 16 7
8 4 28
0 80 36
12 13 38
6 50 12
14 74 9
13 89 25
0 1 5
3 86 26
0 78 7
13 52 11
13 6 31
2 84 8
1 22 26
1 30 11
13 28 24
x
1 19 41
14 50 4
15 0 1
14 71 6
0 0 28
3 82 22
9 31 19
9 28 29
x
1 16 26
13 51 6
x
x
1 28 38
12 61 9
1 13 31
14 49 20
6 46 31
12 60 12
12 90 5
14 99 22
x
1 10 34
1 7 14
14 70 32
x
x
x
10 21 11
9 49 35
14 47 3
8 84 22
3 78 20
x
x
3 74 38
12 59 6
6 41 1
13 50 32
12 57 44
15 95 4
4 64 22
13 88 1
13 49 40
10 87 34
12 55 26
x
14 67 21
15 94 17
14 12 9
10 19 30
1 4 18
10 85 9
14 46 28
10 83 37
14 64 37
14 45 8
14 42 35
8 2 0
15 93 19
6 78 14
14 8 5
8 61 23
11 69 2
8 14 32
11 29 6
15 92 26
x
14 5 19
12 10 18
15 91 15
x
x
15 90 35
6 76 1
1 1 38
12 53 34
0 11 43
13 85 33
2 81 19
8 59 15
x
0 43 44
15 89 8
12 49 33
15 88 5
12 7 5
2 62 6
x
9 24 24
x
15 87 40
10 58 30
4 42 25
10 55 14
14 39 36
12 44 25
x
10 41 33
4 0 37
x
0 75 32
6 37 7
3 39 15
15 86 38
10 50 14
11 19 3
15 85 30
13 3 24
2 78 39
12 93 23
13 82 41
12 4 34
10 25 33
15 84 13
14 37 8
x
8 9 33
13 79 34
14 3 17
12 0 39
1 55 35
12 42 10
x
x
14 33 22
13 0 13
11 0 41
14 31 10
6 35 1
2 75 37
14 30 26
9 44 40
x
10 0 40
8 0 41
14 29 22
13 56 39
x
