12 7 18
12 50 19
14 84 16
6 61 11
x
5 30 30
x
8 22 15
7 27 40
4 76 28
x
2 16 23
14 43 11
14 30 31
13 50 31
9 75 10
8 99 26
9 69 9
10 86 24
x
10 40 21
8 34 24
1 42 34
1 83 38
x
6 10 44
11 9 39
x
10 13 14
15 57 30
13 75 43
8 24 1
11 62 24
11 29 44
11 7 25
15 79 44
x
11 55 31
4 64 22
5 11 31
13 60 6
x
2 15 26
12 55 12
3 24 11
x
14 91 32
15 0 24
6 21 34
5 39 6
x
13 49 22
x
12 23 32
x
11 74 40
x
7 57 35
9 91 41
x
11 49 14
7 35 11
0 8 37
9 90 42
10 77 5
7 30 2
2 76 29
4 30 43
15 46 6
15 50 25
9 34 41
x
x
14 17 2
6 28 38
14 69 14
x
1 49 12
x
1 50 14
13 57 8
x
x
0 49 17
6 56 15
11 87 27
8 72 18
x
8 42 39
15 95 39
5 16 32
x
11 35 7
9 77 18
x
3 50 4
x
2 0 26
5 45 14
10 19 38
6 77 23
11 64 25
10 58 20
11 28 21
0 81 22
1 31 34
2 3 3
14 95 26
8 92 21
3 26 44
13 88 32
12 92 31
11 48 21
x
5 68 41
14 41 4
5 55 14
0 16 10
4 81 21
2 38 7
2 5 25
4 3 16
6 52 37
1 71 9
0 21 20
14 76 35
2 35 7
x
10 25 33
4 10 28
4 12 19
x
0 1 14
7 55 11
9 0 0
13 79 43
13 56 40
2 84 27
7 75 14
14 7 2
12 44 35
x
x
5 64 0
7 70 5
8 51 41
6 35 37
0 77 39
2 46 43
9 92 38
x
3 69 19
3 0 35
2 68 9
13 18 24
9 30 32
15 92 10
9 82 10
x
12 47 38
11 76 20
13 29 21
11 68 27
6 18 23
10 30 28
6 71 34
8 49 0
8 58 21
10 10 31
x
x
2 87 35
10 8 6
5 93 17
5 79 22
14 78 17
9 10 40
5 51 38
15 59 37
0 11 21
4 58 19
0 68 24
6 11 33
2 21 20
4 24 6
x
2 19 3
5 26 34
x
8 86 41
0 52 26
2 71 17
10 49 24
x
10 24 27
15 38 30
15 32 12
4 53 44
15 4 35
1 18 13
x
x
11 41 23
6 64 38
0 36 23
2 36 11
x
12 79 30
6 6 33
14 64 10
6 34 24
x
8 44 16
14 50 32
15 17 25
12 72 4
12 0 29
x
6 76 27
2 95 35
x
0 32 44
6 84 11
x
12 59 12
x
3 3 44
x
2 91 44
x
x
3 73 21
15 34 18
3 67 29
13 82 33
9 43 12
1 35 0
12 60 33
13 43 3
8 55 44
11 5 5
2 74 18
5 5 40
9 60 33
7 50 2
8 88 29
3 74 18
11 82 29
10 43 30
x
9 18 6
3 53 9
0 26 29
9 2 31
14 99 29
7 37 12
11 23 18
9 25 19
2 1 6
5 21 39
12 64 7
10 51 7
12 96 22
0 43 11
11 39 22
12 42 36
11 14 27
14 60 20
0 6 39
x
x
11 61 27
14 3 42
6 3 10
0 64 13
12 83 44
1 10 29
12 18 26
9 24 29
7 1 29
x
x
15 84 37
x
6 15 13
x
3 41 43
1 56 7
2 57 6
12 9 41
1 40 18
0 83 21
x
1 81 44
1 7 38
4 14 35
x
14 10 10
x
x
5 10 1
11 57 8
12 86 40
x
9 51 2
14 14 32
7 38 29
6 44 31
x
5 13 40
12 25 39
11 34 27
x
x
8 59 38
x
1 97 30
15 58 4
x
7 13 38
1 66 34
13 64 11
13 3 24
x
3 86 33
1 11 34
3 10 30
13 34 28
10 96 14
15 12 26
9 84 43
5 88 34
15 41 11
5 56 18
x
14 71 4
10 55 38
x
7 92 20
x
1 62 30
11 46 0
2 10 15
4 67 42
1 76 36
8 84 33
4 85 8
3 25 32
15 87 12
x
x
14 47 30
7 65 22
x
14 58 20
6 97 27
11 18 10
8 16 39
12 32 24
7 15 21
x
3 59 14
x
5 42 6
10 70 5
12 5 20
12 10 35
4 88 38
12 46 40
x
x
13 38 10
8 63 33
3 20 32
1 92 43
15 1 19
x
13 11 26
10 0 44
7 22 23
x
8 29 14
3 95 37
13 93 29
3 31 31
x
10 66 27
6 79 3
0 93 23
15 22 18
3 38 24
x
9 47 37
15 10 25
x
7 82 33
9 66 0
8 94 7
4 35 25
1 28 6
4 96 40
3 5 39
0 28 6
14 66 24
x
6 0 36
5 59 10
13 91 15
4 8 23
9 97 34
14 81 38
x
13 8 43
8 38 7
0 96 32
x
10 73 23
14 0 1
8 4 28
9 6 42
x
14 22 27
2 85 21
2 43 28
8 48 42
15 72 38
x
10 90 39
x
5 94 24
5 85 4
0 54 38
8 93 32
11 33 23
x
9 55 39
11 0 39
4 19 4
x
8 0 12
3 83 5
3 44 6
9 67 34
x
7 95 8
x
2 30 8
x
x
15 19 44
14 86 39
3 54 30
1 44 3
13 72 38
x
3 36 10
7 62 27
13 28 33
10 63 31
x
x
11 95 42
x
8 60 33
7 89 6
1 88 10
8 37 29
6 8 20
15 14 25
10 32 36
14 28 30
7 20 42
x
x
3 2 28
10 50 42
5 84 14
12 68 7
5 98 6
2 49 20
2 50 31
8 80 38
0 74 44
12 2 33
3 23 12
x
9 15 32
x
14 38 19
x
3 19 31
5 73 14
4 98 8
12 20 31
15 26 27
7 79 4
14 65 31
0 88 5
7 46 31
x
x
6 39 28
3 65 10
11 91 19
10 18 17
1 0 35
0 0 13
1 3 35
7 43 31
6 94 22
4 29 31
x
8 75 24
3 13 26
6 42 12
11 80 35
5 77 7
13 67 36
4 92 10
13 83 11
8 11 24
0 84 12
2 29 9
8 66 20
15 9 21
1 59 11
12 90 14
15 64 2
11 79 26
x
x
2 98 36
4 46 22
4 41 41
7 36 33
15 52 17
5 96 25
1 15 39
x
x
11 69 28
10 5 41
3 58 36
4 0 29
x
10 4 2
12 30 15
3 90 18
8 9 31
x
1 22 30
x
7 0 19
12 74 39
6 91 41
x
11 54 33
7 8 26
9 37 9
x
4 90 42
5 48 31
x
10 46 43
x
5 0 1
7 77 30
2 79 10
13 0 4
14 83 2
x
14 70 14
15 76 21
6 48 37
2 24 44
x
13 22 44
1 55 26
x
x
2 65 2
6 58 36
15 67 26
13 95 21
6 24 4
11 71 26
13 14 40
2 62 31
x
10 1 42
0 48 17
7 3 26
12 37 8
x
6 88 43
5 52 13
0 62 15
0 78 36
4 50 35
x
4 45 43
1 1 21
x
14 53 10
11 58 32
3 11 29
12 14 39
10 83 20
x
2 53 14
x
0 58 29
6 68 24
10 97 0
8 61 25
8 20 12
7 86 34
x
14 33 38
3 79 36
4 71 13
10 37 42
0 41 31
13 2 38
5 34 15
