0 38 3
11 12 28
8 96 14
x
x
10 96 7
x
8 81 8
12 97 23
x
10 19 10
12 86 38
x
14 60 14
11 61 2
0 71 13
15 55 18
4 95 13
5 34 4
13 26 43
15 80 36
x
x
11 56 29
11 51 12
12 96 0
x
x
3 68 7
12 94 2
12 38 3
13 73 0
5 90 38
4 91 40
10 37 42
2 96 27
x
0 36 39
x
x
3 53 28
10 77 4
11 99 25
2 92 6
11 77 38
13 97 43
2 88 27
x
10 33 21
8 54 42
4 19 3
11 26 14
3 50 25
3 47 13
12 35 17
1 37 25
13 21 16
10 28 16
11 11 27
11 94 27
12 30 33
10 27 14
3 16 42
10 18 3
11 89 35
8 92 9
11 86 34
9 60 31
x
2 86 34
6 97 41
x
9 20 15
x
x
9 99 5
13 44 44
9 41 43
1 52 30
5 40 5
9 96 35
9 55 20
13 40 18
13 95 32
0 49 5
x
8 68 33
x
9 53 44
8 49 13
8 44 25
9 19 41
5 79 35
8 39 19
8 90 27
0 45 15
x
x
7 31 16
5 30 28
0 34 40
12 84 41
5 74 11
6 96 14
x
3 12 2
13 38 43
8 65 30
x
8 34 44
5 87 30
x
6 74 44
5 69 25
8 29 41
x
6 6 6
11 46 13
x
9 14 33
4 35 1
x
3 8 18
8 24 44
11 81 32
0 32 4
5 99 27
8 3 30
9 9 41
0 30 42
x
5 68 15
7 95 12
0 28 44
0 43 9
5 96 41
5 39 7
4 62 25
x
6 93 39
12 92 32
5 65 25
7 28 40
x
7 90 4
4 58 31
2 44 18
4 34 26
0 26 40
7 85 14
15 98 32
8 62 1
x
7 25 0
2 69 4
9 70 2
x
15 53 36
1 49 6
6 90 13
14 96 43
7 80 23
x
8 87 33
12 28 29
4 15 37
x
x
9 93 35
4 14 37
13 34 30
9 37 0
14 0 3
3 99 10
x
x
7 75 12
x
7 70 7
8 19 1
7 65 8
6 69 32
2 82 24
9 90 44
10 24 16
4 87 8
x
8 58 25
6 66 6
x
0 98 37
0 24 11
x
1 44 30
3 67 10
10 92 18
14 25 11
6 0 28
3 95 36
10 44 15
3 63 43
3 90 42
7 60 23
9 5 4
3 31 18
14 23 19
3 36 44
10 40 4
1 60 0
1 43 37
0 70 24
x
x
x
x
0 22 2
0 20 39
10 87 14
x
6 87 34
0 18 19
2 78 33
2 74 9
x
x
7 21 18
0 8 19
x
1 96 19
0 48 18
x
12 27 18
4 54 39
0 68 23
14 22 44
x
4 10 22
x
6 28 10
13 93 8
0 6 43
12 25 38
x
7 16 19
5 25 42
6 84 16
1 55 11
6 61 19
6 58 1
10 83 44
7 55 30
0 41 7
14 94 43
10 73 30
0 17 43
x
2 40 11
6 23 21
x
x
9 66 2
2 36 1
2 32 41
x
0 15 28
14 92 20
12 22 33
5 0 33
0 4 30
12 82 11
x
14 91 12
x
14 89 42
4 50 34
1 40 13
x
x
14 88 33
11 24 31
1 34 18
15 52 32
15 28 23
14 57 6
x
3 65 25
0 65 36
x
x
13 92 36
11 75 42
14 56 39
2 28 15
0 2 24
5 84 1
6 18 43
14 86 38
3 4 14
6 53 5
14 20 17
x
x
6 81 6
x
1 92 18
6 50 27
7 50 17
2 24 27
7 45 3
12 79 41
6 13 36
x
13 71 43
15 25 15
14 19 31
3 86 15
14 83 34
x
1 24 31
x
10 68 23
4 84 32
6 8 27
x
1 88 5
3 82 23
13 91 14
7 12 20
12 21 24
14 54 3
8 14 28
12 17 23
5 60 2
0 95 21
14 17 38
7 40 42
4 41 30
1 84 13
x
0 0 8
2 65 32
0 13 1
5 55 33
x
8 9 25
x
11 43 33
12 90 31
4 45 36
15 51 44
2 62 13
1 31 17
9 84 36
0 11 3
11 79 6
2 21 41
4 29 29
10 64 14
10 12 28
9 79 41
11 9 32
9 48 14
14 82 11
13 53 6
12 76 9
x
9 75 43
14 15 6
14 14 20
0 61 39
14 52 31
9 43 1
x
0 92 18
5 50 22
1 28 31
2 58 18
1 21 24
14 81 26
4 5 22
9 33 8
5 45 12
6 76 41
14 12 44
3 43 35
x
3 78 4
7 35 1
x
2 17 16
1 18 26
x
11 5 21
x
0 89 33
x
15 50 10
3 27 27
x
15 5 6
x
4 79 14
x
14 49 27
1 15 24
15 2 40
3 73 17
14 79 27
14 77 0
1 81 8
11 22 43
12 13 44
1 12 7
x
3 23 11
3 38 24
7 8 24
14 47 33
6 46 30
6 42 26
4 74 41
11 70 8
14 75 12
9 30 21
12 75 11
x
13 90 28
2 53 5
3 58 25
12 73 4
0 86 9
12 69 43
8 99 11
15 79 36
9 0 34
12 64 15
12 59 40
x
12 56 33
6 38 4
15 76 21
x
x
10 59 16
11 38 0
15 24 20
5 20 33
x
4 0 42
x
x
0 83 30
14 43 12
9 27 0
14 42 4
14 41 24
1 9 34
12 12 15
1 6 0
x
2 13 12
5 15 9
x
15 49 17
8 0 13
8 77 38
14 40 42
x
x
3 0 19
12 54 0
x
x
x
12 11 13
13 89 33
x
13 67 25
x
14 11 24
9 24 16
15 73 26
x
0 80 28
14 39 34
13 16 25
0 77 20
14 38 21
1 78 21
8 84 13
x
x
14 73 5
12 8 7
13 11 36
15 46 11
15 97 6
5 10 18
2 9 0
14 71 29
13 87 4
12 51 20
15 96 44
11 18 40
15 95 26
15 45 29
x
1 74 28
15 42 17
15 70 2
15 94 6
15 20 34
10 54 27
5 5 30
14 36 13
14 69 19
x
10 49 1
7 4 11
11 0 25
11 33 26
13 49 12
15 93 15
11 28 32
14 10 42
12 49 22
15 41 22
13 8 43
15 92 27
15 91 26
13 85 32
13 83 7
1 70 42
x
x
2 49 17
14 67 36
12 46 33
14 34 43
15 90 1
14 65 3
15 67 30
14 64 23
x
x
15 89 6
x
x
13 81 5
15 38 30
x
x
15 66 27
13 3 15
0 74 40
x
15 88 1
10 7 1
4 69 38
15 87 21
15 36 12
13 0 30
13 65 8
x
x
1 3 18
14 32 14
2 4 35
x
15 86 42
7 0 20
15 85 27
5 93 8
15 32 17
10 2 34
12 42 10
4 64 30
x
15 63 20
x
0 58 38
x
x
13 29 30
12 4 5
4 24 5
1 66 24
0 55 5
2 0 44
x
x
8 72 6
15 16 38
x
0 52 27
x
12 2 5
15 13 16
15 60 41
x
15 84 41
15 0 17
1 62 2
13 60 30
x
11 68 18
14 28 10
15 57 24
13 79 37
13 56 34
3 19 34
14 6 17
1 0 22
14 3 21
x
10 0 20
x
x
x
6 34 10
x
12 0 31
14 99 36
13 28 41
15 9 14
