x
x
3 42 32
4 16 27
15 0 9
14 65 11
1 66 44
9 11 30
2 5 28
1 78 26
7 64 11
15 15 29
1 96 14
15 37 38
5 74 38
11 68 0
0 2 43
5 22 34
15 40 21
8 29 18
7 3 24
9 46 35
11 0 10
7 47 4
7 85 25
5 49 12
11 91 7
x
11 30 12
4 43 2
6 23 31
11 34 17
2 77 19
12 96 30
14 6 3
12 47 14
x
8 37 23
4 13 26
2 75 12
0 83 29
x
15 69 38
x
8 72 12
x
14 11 38
0 15 23
1 89 41
10 49 25
13 15 33
5 54 4
0 4 1
7 35 16
5 27 41
2 49 23
4 58 42
x
12 0 40
x
4 53 37
8 9 40
x
15 99 42
14 44 13
2 24 35
x
10 3 37
x
5 95 4
10 42 22
x
3 54 38
12 80 31
9 69 42
x
4 96 20
8 99 22
6 95 4
14 74 23
14 36 5
x
x
x
0 75 7
7 11 6
12 11 3
x
9 0 35
9 37 27
x
11 86 21
5 40 25
9 4 31
x
x
15 47 40
0 3 22
1 63 39
13 65 19
x
x
7 95 41
10 24 2
x
6 16 1
x
12 44 14
6 6 20
9 95 26
2 12 3
x
5 0 28
4 65 28
13 73 40
1 55 44
2 15 25
13 32 21
5 7 12
4 8 6
4 91 3
9 29 21
x
4 3 15
15 78 40
10 83 27
10 41 44
x
8 20 37
14 28 38
x
11 81 9
11 12 23
7 42 11
14 0 2
5 67 7
15 95 39
13 49 34
2 8 35
0 33 34
10 21 4
6 62 27
13 52 24
13 86 40
13 39 4
10 75 31
5 14 3
x
13 69 34
x
6 55 21
2 2 27
3 38 35
8 80 6
x
x
8 31 33
x
9 52 32
1 4 9
x
2 84 43
12 2 40
8 5 27
0 21 19
13 92 21
1 49 24
1 62 3
1 51 16
7 15 0
x
x
x
11 90 43
4 45 11
x
x
5 39 18
x
3 78 33
15 22 36
2 56 12
10 64 40
x
7 44 31
8 85 44
15 93 9
2 16 41
10 72 28
13 63 26
1 2 34
1 21 26
3 50 6
2 33 22
7 69 7
15 96 44
15 67 35
7 19 23
3 31 10
8 94 5
x
4 32 0
0 87 1
x
11 62 7
14 31 21
5 50 8
1 83 7
2 64 34
12 90 44
2 63 1
x
15 11 12
6 57 44
9 9 15
2 28 21
12 19 42
9 55 4
14 73 31
2 65 3
12 74 3
9 81 30
10 26 26
2 74 31
x
6 12 9
8 78 28
11 58 44
12 66 37
x
9 24 30
14 5 22
15 52 3
9 2 38
0 74 12
x
4 70 35
14 81 44
15 62 21
x
6 60 44
6 90 5
12 31 15
10 90 33
9 60 3
4 29 25
x
4 82 38
x
6 8 7
13 19 38
6 89 27
11 18 12
4 19 25
0 6 23
x
0 92 7
x
x
5 30 39
1 74 30
2 96 38
11 96 25
1 40 41
1 87 44
13 90 16
3 28 4
x
0 43 28
1 9 20
0 53 30
4 64 43
7 90 37
10 37 37
x
8 16 22
14 30 2
14 51 28
8 19 12
13 71 15
x
x
3 97 22
x
x
14 49 8
x
4 79 11
1 92 26
0 11 41
15 9 29
5 94 36
6 45 9
7 62 12
5 97 29
15 57 37
4 25 11
5 79 33
12 26 32
14 33 16
8 84 44
14 85 34
15 75 26
12 76 3
8 58 26
9 78 18
12 56 32
4 49 39
11 39 29
9 49 26
15 70 7
x
5 5 9
6 20 4
5 45 0
x
7 16 2
13 56 27
13 0 18
13 37 0
x
15 86 12
9 90 11
10 68 32
3 3 5
8 51 29
3 65 7
x
2 62 21
0 45 4
x
12 3 44
14 39 8
10 8 2
8 25 13
7 6 1
0 48 44
6 29 23
5 51 32
3 20 18
x
0 0 1
9 13 12
11 5 6
1 69 5
2 0 3
5 11 23
x
10 52 16
14 92 9
5 84 11
0 16 33
12 21 14
2 10 7
x
14 60 21
14 22 44
2 42 34
x
3 7 13
11 79 44
12 51 32
2 23 31
15 84 35
11 24 13
4 77 1
10 57 37
1 17 24
1 0 34
14 56 21
8 27 27
3 67 14
13 83 5
8 34 35
7 52 27
14 78 32
3 61 25
10 79 11
0 12 41
5 87 16
6 41 7
0 54 28
6 0 9
14 20 11
13 44 2
x
12 85 21
x
11 2 40
x
x
x
6 80 14
3 12 8
9 66 7
x
0 41 25
14 69 12
0 64 38
6 97 42
x
12 61 16
0 36 16
6 86 7
3 0 8
10 14 43
2 51 4
3 22 6
13 8 2
9 34 27
3 40 10
1 23 24
9 43 13
9 85 39
11 82 7
8 73 26
11 49 32
13 50 33
15 27 0
10 32 17
9 18 15
5 62 24
x
4 74 16
6 85 21
6 37 7
5 46 35
x
13 10 4
0 19 26
12 14 2
3 87 9
3 53 35
4 24 1
x
0 59 13
14 15 21
7 70 0
x
7 76 27
10 45 17
7 57 13
11 28 0
3 44 42
x
10 40 19
11 44 39
x
14 93 41
x
15 32 17
3 91 10
4 87 31
9 75 35
10 96 3
5 93 5
7 39 30
8 30 4
x
11 53 18
5 70 40
7 29 0
0 77 18
7 94 23
5 35 5
13 79 26
x
10 70 42
10 0 26
11 20 22
14 86 37
7 37 16
x
11 73 40
14 91 15
4 42 43
x
3 24 20
10 30 17
14 35 20
11 87 10
x
14 88 20
2 93 40
8 10 28
12 36 12
x
12 43 14
12 92 18
10 97 14
3 36 32
1 35 15
x
4 0 36
8 11 30
x
14 64 7
6 70 35
15 89 42
12 17 20
1 28 24
11 9 44
1 1 25
0 69 38
10 25 23
8 50 15
0 23 4
15 4 42
6 34 26
x
x
2 89 31
10 85 22
x
2 46 30
x
x
x
13 28 22
1 30 33
13 3 40
6 76 38
0 52 31
8 62 20
3 51 17
5 1 12
x
11 70 31
6 54 1
x
7 74 14
1 19 5
x
3 75 2
x
x
x
10 11 20
5 55 31
7 68 41
5 47 14
8 39 20
x
8 47 30
8 55 21
x
12 78 4
x
1 7 31
2 20 23
0 24 30
7 24 37
x
8 0 37
10 61 38
2 30 28
12 42 9
x
7 80 20
x
8 89 3
15 44 43
8 92 33
15 18 1
0 7 42
x
x
2 37 17
13 57 5
6 84 4
1 57 23
x
10 18 6
4 36 32
2 68 37
12 7 27
5 57 28
14 3 17
7 0 35
3 95 11
14 8 32
3 58 42
x
x
3 14 33
1 14 12
13 96 14
14 53 6
0 79 23
6 92 9
4 41 41
8 42 1
12 70 0
3 19 13
1 11 26
x
x
15 1 34
x
5 18 21
12 1 29
x
13 59 36
6 49 4
13 24 13
x
0 96 22
x
15 20 24
3 83 13
8 67 0
x
x
x
x
3 73 8
6 26 7
14 99 44
6 65 5
1 44 6
2 79 38
0 13 17
14 4 18
14 50 12
0 29 4
