2 56 34
15 47 44
3 16 20
4 85 0
7 35 8
14 28 23
4 52 7
0 52 30
x
15 21 15
12 2 42
4 15 19
x
0 75 38
10 43 10
5 93 36
11 72 35
1 34 3
x
2 49 38
2 58 39
x
14 4 18
4 95 12
11 22 22
15 10 41
x
x
3 1 23
1 67 29
10 65 36
7 12 37
2 11 43
2 81 38
x
12 26 34
2 50 22
8 85 17
x
9 44 41
6 12 10
4 65 11
x
14 59 14
x
6 19 16
6 53 2
13 79 11
x
5 71 25
x
x
12 0 29
13 56 26
7 57 4
3 42 13
7 52 30
2 95 2
11 71 29
1 75 19
15 95 34
14 73 34
12 10 43
11 30 38
x
9 90 44
5 9 12
x
14 79 28
1 85 17
12 30 22
12 6 11
9 36 27
2 36 23
6 39 19
3 36 38
6 76 42
8 9 21
4 42 4
9 28 40
x
14 6 28
12 63 40
11 37 14
5 12 1
13 40 35
x
x
12 71 16
11 3 40
6 44 2
3 19 33
0 43 25
x
4 64 41
13 80 31
0 88 0
9 43 43
x
4 2 25
3 47 19
x
10 77 33
0 87 31
10 15 4
x
7 72 23
x
x
13 6 40
7 48 16
1 2 30
10 84 26
7 22 44
12 52 42
13 51 26
11 80 30
4 76 40
x
x
11 95 33
x
10 2 11
7 17 16
10 28 1
3 38 43
x
6 95 13
14 93 14
12 93 32
x
12 88 12
7 37 29
13 16 2
0 49 35
1 64 41
x
9 75 25
3 67 42
14 83 10
3 5 21
x
10 74 7
x
8 42 38
5 5 6
11 57 41
14 99 18
1 62 28
0 12 10
6 87 35
13 97 5
7 79 18
4 29 11
x
15 4 21
5 0 15
4 70 9
9 62 39
x
14 21 8
x
x
10 33 21
3 53 26
14 69 13
9 98 5
15 9 23
x
8 10 26
x
9 2 27
13 2 21
1 49 32
1 10 38
15 32 39
6 34 19
0 39 32
13 73 14
x
11 8 31
13 82 3
4 48 4
8 72 41
8 39 0
4 59 22
11 50 16
9 19 16
4 32 6
7 7 40
0 37 15
13 49 18
15 57 7
x
x
15 63 23
13 4 32
5 87 3
15 79 26
x
6 6 0
5 40 1
4 35 44
9 85 0
1 57 17
6 85 5
x
x
2 13 22
11 31 6
x
6 92 41
0 58 28
1 16 39
14 0 24
x
6 10 31
1 43 8
12 49 2
1 31 9
2 62 38
8 67 22
9 50 26
12 83 9
11 18 20
9 58 4
4 88 18
9 54 40
10 70 28
10 18 34
7 81 13
x
11 13 1
12 76 2
11 91 37
9 81 11
8 4 42
x
8 52 37
x
5 21 31
1 0 36
8 34 42
x
x
5 18 12
15 58 19
15 87 23
12 12 32
12 15 1
6 70 11
x
2 2 3
15 35 26
x
8 3 19
x
10 51 33
11 1 20
4 18 25
14 23 3
12 84 38
0 30 25
x
2 74 12
x
7 27 20
10 20 5
7 98 28
x
x
2 64 24
8 87 44
12 42 28
0 62 0
7 9 11
0 20 14
11 61 9
2 65 21
2 76 24
11 63 22
x
10 12 33
2 70 38
x
7 1 22
x
x
x
15 0 31
6 57 9
x
15 52 29
x
x
5 78 8
1 40 30
8 15 19
10 85 38
7 70 31
0 96 6
12 92 3
11 19 21
3 40 18
x
15 18 12
0 66 20
7 63 14
x
0 97 12
x
9 24 32
2 29 2
x
14 86 21
1 50 33
0 22 20
10 83 2
6 30 13
x
13 87 9
4 90 41
6 80 18
5 60 27
8 11 35
x
5 84 1
2 14 43
12 90 19
7 5 34
0 25 8
6 66 8
2 43 10
1 19 0
15 77 9
11 39 26
4 12 8
13 29 36
1 92 5
7 68 35
x
15 11 30
12 21 12
x
15 26 30
6 8 28
x
7 42 20
x
0 21 11
5 45 17
1 28 30
1 5 22
8 92 15
5 76 17
9 25 36
14 74 8
13 18 22
13 68 20
3 95 0
1 55 31
5 33 5
2 0 42
3 30 13
10 40 19
10 68 32
14 37 5
12 19 11
5 39 9
5 67 42
1 25 28
12 78 6
2 53 13
4 24 17
3 59 6
x
x
7 60 8
0 41 15
11 86 1
9 94 32
7 74 36
10 90 43
10 37 22
6 26 43
8 99 26
8 21 1
x
11 68 29
9 15 4
3 32 32
8 59 43
2 22 1
2 78 16
11 44 41
10 56 8
0 11 31
10 6 1
x
9 66 7
10 0 20
13 22 6
x
14 66 14
1 22 23
1 72 31
8 75 11
12 57 14
x
13 33 41
9 32 37
2 66 13
x
9 46 28
11 82 26
5 55 18
4 81 24
4 46 25
1 68 2
14 41 22
14 45 24
3 11 6
4 93 39
15 84 11
14 3 43
9 11 36
11 0 9
8 47 8
14 14 10
13 0 22
x
x
14 36 40
0 74 25
13 92 10
1 95 20
6 0 27
0 54 2
12 33 15
3 73 44
11 32 11
1 87 20
12 50 20
5 28 25
3 89 28
11 81 14
3 20 20
4 6 17
x
12 97 6
9 6 30
13 58 40
x
2 19 0
2 1 22
14 11 16
2 26 43
x
15 71 9
x
13 64 7
5 95 30
x
7 36 41
x
4 72 2
x
0 71 0
10 60 30
x
1 14 23
x
x
1 80 22
7 51 8
8 58 9
14 50 12
8 94 0
9 34 5
11 79 37
7 2 42
4 9 5
14 87 42
8 64 16
10 24 24
x
11 92 38
3 65 14
15 92 24
10 97 29
3 0 29
x
11 35 13
2 85 10
11 52 21
0 93 5
4 45 11
13 11 42
6 62 31
14 91 2
14 64 5
x
3 58 44
x
7 0 10
1 42 42
x
13 44 7
5 52 21
x
12 67 23
14 32 40
3 25 18
11 73 39
4 0 10
10 49 35
5 74 10
2 31 12
4 55 39
5 23 28
12 36 7
3 7 1
10 19 20
8 25 34
x
x
14 90 20
x
4 41 33
x
2 41 9
10 63 11
6 22 38
8 80 15
13 28 8
13 36 1
9 0 21
9 39 25
13 53 29
x
10 10 39
6 16 25
7 67 7
x
3 55 33
8 0 44
7 86 14
5 48 23
x
15 74 43
x
15 66 13
12 96 34
7 93 36
x
3 86 6
x
3 81 11
9 76 8
x
0 35 2
x
x
8 1 4
2 8 8
2 88 1
8 19 17
15 42 6
x
x
14 51 4
0 34 31
x
5 14 43
x
14 55 28
9 69 23
12 48 9
3 44 3
14 12 40
x
6 59 31
7 43 28
5 62 22
x
3 69 25
12 44 2
0 17 20
7 30 29
x
2 80 24
0 5 41
8 30 31
x
13 61 16
15 1 4
3 50 25
6 89 38
15 39 43
0 83 9
2 18 22
5 85 31
2 91 0
15 13 14
12 68 42
0 81 12
x
11 47 18
11 28 26
x
2 4 37
12 59 17
12 73 40
10 25 22
x
14 19 1
0 78 21
10 96 2
7 88 1
3 77 9
0 0 7
x
0 48 38
8 84 8
6 49 18
