x
10 3 31
x
15 5 16
14 93 20
8 53 32
1 3 26
13 79 14
0 37 20
8 78 40
15 11 29
11 89 39
4 36 27
11 35 13
x
1 80 16
14 19 4
2 3 42
x
5 5 12
x
5 89 38
6 20 5
8 66 19
x
13 57 22
1 75 32
11 60 7
12 96 19
x
9 43 17
x
x
10 61 0
10 93 12
15 38 19
x
10 24 29
12 0 23
2 63 15
8 38 22
10 65 32
1 55 12
x
13 56 2
0 62 30
x
2 81 9
x
7 5 35
4 86 1
11 68 1
14 86 30
3 76 17
14 89 26
5 58 35
13 29 37
4 6 43
14 36 34
0 22 31
9 80 2
9 91 41
14 0 10
14 18 3
10 72 22
x
13 81 26
x
1 71 0
2 59 2
8 84 20
x
4 65 42
6 80 17
9 75 42
12 69 40
12 76 28
8 34 43
8 9 33
14 75 33
2 26 35
11 38 29
x
12 46 36
14 16 42
2 65 15
9 11 13
x
6 25 30
x
x
12 68 43
6 12 34
6 46 41
0 43 13
3 45 13
4 49 9
2 0 7
13 94 44
2 55 1
5 34 33
x
9 51 1
14 64 28
2 82 16
3 82 37
5 61 29
x
x
x
3 73 12
1 45 5
x
10 31 31
9 56 26
x
4 64 34
7 43 22
15 79 7
x
4 54 37
7 65 10
14 8 22
8 0 44
10 43 14
4 47 28
1 62 12
6 0 29
4 18 3
6 27 22
8 18 9
x
0 78 43
10 91 23
x
15 15 36
12 90 7
11 79 38
10 37 25
x
x
0 30 9
4 83 43
12 9 23
7 60 36
x
x
9 25 32
7 25 39
6 67 26
2 8 13
x
8 49 36
6 94 24
2 86 18
5 21 13
11 24 23
2 84 31
12 65 34
7 48 12
9 30 31
5 53 20
5 60 21
1 68 2
7 56 15
6 76 36
10 57 18
x
3 42 0
3 38 14
8 28 3
3 9 27
5 11 30
2 99 44
14 94 29
1 56 11
x
3 51 37
9 6 31
15 66 6
13 34 22
11 19 16
6 51 16
x
x
6 29 25
15 44 5
1 12 7
15 71 21
2 14 12
1 29 25
6 10 22
2 62 6
13 65 36
x
12 73 40
1 59 38
3 19 19
x
11 43 27
x
9 61 17
x
14 29 36
x
13 1 38
7 24 38
0 69 13
x
8 99 14
7 86 38
15 57 6
2 69 1
6 97 2
0 7 5
4 45 14
3 47 8
1 34 28
7 37 6
10 40 12
14 37 11
x
13 87 27
14 88 44
3 17 0
12 27 8
2 79 27
13 58 36
3 53 17
4 24 24
3 4 6
3 24 35
x
15 42 29
14 99 36
9 92 14
10 84 3
7 71 38
1 82 20
x
8 12 23
15 33 34
x
9 14 43
6 55 13
0 44 9
4 90 16
11 47 35
x
8 62 43
7 38 38
x
x
3 78 38
8 72 17
15 32 29
1 6 32
4 31 13
8 35 42
7 95 37
3 13 2
14 12 33
x
14 59 36
11 33 9
4 14 40
7 53 8
7 16 20
1 43 10
8 51 14
8 11 42
x
x
4 25 29
5 76 40
12 38 37
3 36 16
6 8 28
13 69 33
2 53 9
x
8 92 1
x
6 64 5
13 91 10
x
7 78 44
3 0 7
12 57 43
10 83 3
x
x
0 33 40
3 89 35
13 41 36
5 45 43
14 71 11
8 20 34
x
x
x
3 3 1
1 0 28
8 89 25
14 55 11
0 48 33
10 8 3
9 96 15
5 13 26
x
x
1 28 44
11 3 17
x
13 0 34
14 20 21
3 91 26
14 92 4
8 42 4
15 54 7
8 73 16
x
x
x
x
0 74 15
9 24 37
10 13 38
5 50 8
2 21 35
3 59 12
6 16 14
8 93 29
x
1 23 33
11 69 17
0 83 16
0 65 33
x
7 58 42
12 53 28
10 70 37
11 12 40
9 85 4
12 48 16
1 16 32
12 70 38
9 90 32
14 50 20
5 84 36
8 5 4
13 97 11
0 17 29
0 86 1
x
5 29 14
x
4 59 10
9 37 14
4 95 24
10 1 7
12 4 28
13 28 32
x
x
1 25 16
x
5 36 26
x
x
7 51 17
7 29 4
11 63 22
14 33 17
x
14 24 26
0 27 21
5 39 31
3 67 28
12 22 15
2 95 8
11 84 42
14 66 28
14 73 21
x
8 58 43
14 39 5
x
4 3 14
14 45 40
15 18 44
6 41 6
13 71 9
13 39 27
x
11 8 24
0 41 4
2 49 31
15 74 37
x
13 53 8
x
0 96 4
6 22 7
5 97 23
x
x
8 32 13
6 60 32
4 73 4
10 59 42
14 82 38
7 75 36
8 14 3
x
12 80 18
8 45 30
15 49 40
x
x
2 16 20
0 88 42
9 4 44
x
8 37 27
9 19 26
6 6 13
14 3 1
10 18 36
0 0 44
15 63 22
6 90 44
11 32 39
x
x
13 10 13
7 11 36
x
x
11 80 5
15 60 42
5 6 5
x
7 90 0
x
13 6 44
9 46 2
2 23 28
0 54 43
5 18 10
9 32 8
10 88 32
15 1 34
3 39 44
15 0 34
11 31 28
3 86 7
13 70 11
9 66 18
15 26 38
12 31 26
1 18 21
7 87 39
6 40 23
5 94 39
0 13 36
7 89 36
4 16 3
5 0 9
9 26 10
4 29 24
5 66 30
x
11 95 3
12 92 42
2 74 34
x
5 25 7
6 34 2
7 70 5
13 62 30
13 84 44
5 68 11
7 2 5
x
2 39 2
15 35 30
14 65 0
1 65 12
12 42 18
x
8 24 23
2 34 12
x
0 2 26
15 46 43
7 36 36
1 90 9
9 0 7
7 27 5
1 41 40
15 84 36
x
12 61 27
10 50 33
10 0 26
11 18 13
13 18 28
7 8 38
6 72 24
12 94 13
4 68 27
10 26 34
13 22 37
15 9 9
6 62 39
1 10 2
2 29 44
12 13 35
15 21 4
9 69 24
15 96 42
12 45 8
x
7 35 24
x
4 72 10
14 79 17
5 93 25
3 65 13
0 52 33
5 32 7
12 18 18
13 15 42
14 49 9
10 96 10
3 29 41
12 35 33
12 85 38
3 58 2
x
13 7 21
6 36 4
5 80 20
12 87 16
1 49 19
14 43 28
x
0 11 21
x
6 85 7
4 76 36
14 28 37
x
13 75 23
1 87 36
12 93 23
10 77 13
1 95 1
1 40 20
x
x
11 0 11
10 55 29
1 31 12
15 51 7
x
11 52 43
11 29 33
x
2 75 28
0 9 20
x
2 10 7
x
3 31 37
x
3 95 18
4 41 38
5 51 24
4 0 24
4 11 0
2 90 40
7 81 43
13 49 30
11 57 26
5 85 0
x
3 25 17
5 63 6
3 50 32
7 19 11
3 68 44
11 2 24
6 37 41
2 36 41
1 63 23
8 59 2
0 59 15
x
11 28 38
x
1 50 4
15 91 38
x
4 81 18
13 44 26
11 5 1
7 0 37
10 51 27
15 87 38
3 96 15
0 93 44
13 3 20
2 1 35
8 87 17
11 92 22
12 3 40
x
2 44 25
5 71 42
5 42 29
10 49 31
12 17 2
11 74 7
