0 94 4
6 79 27
0 8 33
0 74 43
3 19 29
9 58 44
x
1 25 16
2 45 12
x
2 86 21
15 32 27
x
15 41 36
14 58 31
4 89 12
15 55 33
0 77 30
2 23 32
10 11 23
11 72 11
x
x
1 49 19
2 2 24
2 99 18
x
x
13 70 35
2 19 32
6 39 36
10 25 0
6 57 39
x
3 16 19
4 46 22
x
12 10 12
x
x
3 75 6
13 95 24
4 45 23
8 22 4
3 48 14
6 54 9
14 92 13
10 49 18
11 81 23
13 35 37
4 19 0
13 79 25
15 98 35
9 75 29
1 84 8
10 0 6
14 77 23
7 65 34
5 2 39
6 0 13
0 68 16
15 64 26
4 82 14
5 93 37
5 9 38
0 25 21
7 31 44
14 82 16
x
8 6 20
15 65 5
x
1 8 34
x
x
3 88 6
1 66 43
4 43 16
4 29 30
7 48 12
2 20 6
4 69 21
x
3 50 23
13 8 24
x
9 20 21
x
6 76 3
5 78 1
0 82 33
1 99 6
7 3 15
5 68 16
2 56 20
7 78 6
x
4 24 34
0 14 20
14 13 37
8 49 4
1 87 19
4 95 7
8 0 17
x
11 5 12
15 22 27
9 90 7
8 58 22
6 70 22
5 97 22
8 14 28
2 63 1
15 75 12
7 93 29
12 42 10
0 41 22
12 12 35
x
7 88 11
2 51 13
x
1 80 15
3 89 31
5 73 32
6 97 39
8 97 39
x
4 84 18
7 85 41
x
4 81 1
10 12 32
12 31 37
11 15 2
12 38 28
13 26 29
14 1 43
x
0 65 41
9 51 23
13 10 42
3 58 35
x
4 3 7
1 16 28
7 37 35
13 17 34
12 58 28
2 30 19
8 31 23
0 22 5
10 83 27
15 5 22
8 79 21
12 4 5
x
1 4 3
2 27 37
6 84 27
7 57 1
8 63 5
10 24 36
3 54 22
9 98 15
4 54 41
2 0 32
5 39 16
10 79 15
2 13 8
x
8 40 41
5 85 7
9 68 28
x
x
6 87 21
7 36 3
10 70 27
7 10 39
11 0 34
9 69 26
3 27 20
11 12 33
11 75 43
11 84 8
10 55 23
11 92 41
8 60 11
x
13 4 16
9 5 3
2 62 21
4 12 9
3 44 6
4 0 43
8 38 16
12 26 6
12 34 26
12 60 25
14 5 17
13 22 28
5 17 6
10 3 19
1 62 26
6 9 2
15 9 10
7 44 21
13 80 43
13 16 26
8 59 35
x
x
x
4 67 7
12 98 2
13 93 2
5 49 35
6 34 32
0 37 44
9 81 40
10 7 9
1 35 9
x
11 68 40
0 0 9
5 0 2
x
6 23 1
14 0 11
x
6 6 8
2 57 25
7 16 3
8 96 32
x
15 1 30
x
15 93 30
10 68 2
11 88 29
0 98 6
x
12 78 21
9 10 12
10 41 17
12 49 16
13 81 27
11 33 6
x
1 20 25
12 94 19
1 6 20
14 31 32
2 71 21
7 35 34
1 0 28
11 53 23
x
x
9 1 5
13 49 17
12 17 17
x
14 51 38
4 41 1
15 85 44
15 51 33
0 96 31
1 75 1
8 21 27
0 50 21
x
13 13 39
3 31 43
3 79 34
14 4 12
x
1 30 43
4 25 4
1 31 9
3 63 4
4 16 0
2 74 26
8 11 40
5 37 12
7 24 39
x
x
5 67 8
7 98 6
0 46 25
2 67 39
3 45 15
3 85 40
8 52 26
7 70 20
5 31 38
x
13 33 0
10 40 39
14 3 39
10 75 1
1 28 29
6 62 20
14 10 40
3 95 41
15 18 29
15 35 22
0 43 37
9 15 32
12 90 13
7 80 18
4 75 10
8 99 14
9 38 28
5 22 43
x
3 82 3
x
10 90 41
10 20 9
1 90 6
x
7 53 3
13 74 42
11 18 43
12 64 23
6 8 38
2 49 6
11 28 44
6 35 12
11 19 25
13 28 21
14 29 23
6 46 23
11 24 14
5 25 6
x
4 58 30
5 87 31
7 63 3
2 14 31
x
12 73 30
x
9 25 41
12 88 10
9 43 7
12 87 28
9 33 25
10 60 26
13 43 7
10 18 19
14 96 7
15 80 20
x
14 70 42
12 21 41
x
13 31 6
11 36 18
13 15 44
0 62 43
14 35 29
x
14 6 23
7 18 6
10 78 19
8 75 21
3 61 37
14 22 42
x
15 15 15
13 38 36
9 48 23
11 69 44
4 91 18
15 40 1
0 17 35
6 19 22
14 17 15
5 55 44
12 92 12
15 24 3
14 64 32
1 57 14
13 65 9
x
0 4 26
14 89 24
x
12 0 33
13 56 39
0 29 15
x
1 34 4
x
x
13 1 21
x
2 40 19
x
5 14 40
7 75 38
12 46 25
x
0 60 11
1 55 8
15 28 10
1 46 8
5 45 31
8 72 30
x
3 6 11
8 26 39
3 10 41
9 93 22
11 49 36
14 47 7
15 46 44
1 11 42
5 60 34
15 72 34
9 66 40
x
10 30 18
12 68 31
2 94 12
5 35 12
9 83 1
6 42 3
2 72 7
3 36 42
1 40 3
4 35 26
8 33 0
x
6 51 20
4 8 23
6 27 38
x
3 73 19
15 10 4
10 50 18
7 87 22
x
x
1 70 12
x
x
6 59 7
5 40 14
2 64 14
6 78 22
7 52 4
6 30 3
9 24 3
7 28 13
x
0 90 21
14 65 38
0 12 37
8 5 17
7 7 22
4 50 22
10 33 1
x
x
8 17 15
9 36 3
4 65 28
x
x
4 74 27
8 85 27
0 11 0
x
x
3 47 33
6 94 23
11 9 18
x
8 68 12
12 33 2
5 62 31
9 62 37
9 67 22
9 7 18
4 60 44
x
x
10 31 20
15 57 0
6 11 7
6 16 31
7 15 43
13 60 5
8 1 15
13 58 0
2 7 28
7 41 30
8 84 15
3 2 10
5 91 18
10 99 40
5 84 16
13 18 10
7 0 16
3 20 2
5 54 16
1 95 33
9 53 3
8 44 9
9 79 1
14 87 37
x
10 63 20
10 85 4
11 58 38
14 53 9
15 68 19
6 99 18
x
10 89 27
12 8 39
15 54 43
10 96 23
0 64 15
11 91 37
11 79 14
13 6 5
2 90 38
x
5 5 16
2 82 1
5 29 15
14 74 6
3 14 34
14 99 33
6 92 29
7 72 13
15 84 30
x
x
9 0 37
x
x
12 96 37
0 34 21
x
x
7 27 41
11 44 10
13 90 15
x
15 0 3
14 42 22
8 86 15
1 45 38
15 44 8
0 57 3
0 48 38
x
x
9 86 22
15 91 14
2 35 33
x
1 89 34
8 92 23
4 94 36
5 94 41
15 60 39
2 77 6
3 23 17
9 28 31
14 28 18
5 6 18
x
10 57 8
x
x
3 67 36
7 59 11
11 41 29
10 44 13
7 82 3
12 54 0
x
4 64 33
0 52 41
14 38 5
13 0 30
0 87 11
x
12 44 39
1 77 39
9 95 5
x
11 90 26
0 32 16
11 96 19
3 39 44
x
10 34 12
2 9 26
11 63 42
9 77 42
4 31 26
6 66 34
13 86 12
15 88 1
4 78 41
3 0 15
13 53 13
x
x
x
7 20 14
x
10 37 39
10 2 33
8 51 14
12 83 16
