5 90 17
4 35 1
9 93 8
6 12 12
6 53 43
x
7 31 6
1 28 2
5 66 44
2 18 23
0 2 5
1 14 28
13 6 22
4 80 38
x
4 85 12
0 74 3
x
x
3 26 31
12 43 20
1 36 31
x
15 3 19
1 43 15
12 59 41
12 36 37
x
11 44 30
5 93 37
14 31 35
11 18 6
15 17 24
14 94 23
9 44 4
2 80 10
x
2 78 39
x
4 42 19
5 86 30
x
x
13 44 40
6 6 35
7 23 16
6 22 16
14 0 22
x
x
2 74 22
6 35 2
6 40 11
5 32 31
x
9 49 19
14 10 22
12 31 9
0 52 7
13 70 22
7 74 30
x
4 83 11
14 3 25
x
x
x
4 30 36
x
x
12 51 27
1 2 19
15 9 20
5 22 44
13 88 42
12 77 2
1 50 2
7 0 18
4 1 40
x
4 8 40
1 85 35
7 46 40
2 45 34
x
x
8 95 33
x
11 49 8
7 50 11
4 58 10
4 24 6
11 38 39
x
14 53 15
11 15 14
x
4 29 11
10 40 18
0 43 11
15 84 5
1 12 8
4 75 8
1 67 30
x
2 87 24
9 12 22
9 59 36
10 49 5
15 92 10
14 24 21
2 28 19
x
9 16 34
5 49 31
9 6 20
x
15 63 7
8 87 7
4 87 43
0 68 14
10 1 13
12 78 32
11 68 22
x
8 74 17
3 74 17
0 58 28
7 62 12
x
5 94 29
7 3 40
15 12 39
13 79 16
6 10 40
12 97 38
1 78 34
x
8 58 3
3 21 13
12 60 3
x
6 50 8
8 38 18
x
x
x
x
3 24 23
4 11 31
8 72 32
4 72 27
7 35 23
x
4 52 13
14 59 13
14 45 26
11 36 1
15 33 6
8 50 2
15 81 37
11 85 10
x
1 62 28
x
4 48 15
12 66 9
2 35 1
2 51 27
0 41 7
x
x
14 75 33
1 49 32
0 77 42
x
1 70 33
5 5 32
x
7 26 33
15 22 21
6 15 30
2 9 33
7 40 29
0 22 12
15 77 2
2 49 17
5 54 14
1 20 30
5 34 6
12 0 36
x
11 42 36
6 66 23
10 0 22
12 12 10
15 45 26
x
0 6 15
13 66 2
x
7 6 28
0 14 34
9 38 37
x
14 73 20
x
3 14 29
x
2 17 16
9 0 37
x
5 18 0
13 81 41
0 56 40
x
2 15 23
2 23 16
10 83 17
3 41 16
2 0 26
x
8 4 41
8 25 16
3 1 6
x
x
5 71 40
13 17 26
8 0 9
x
3 36 0
15 59 32
5 13 29
x
6 42 33
x
8 76 10
9 95 33
1 65 13
5 36 6
12 18 29
6 26 41
6 83 43
0 63 29
7 59 34
8 33 35
x
10 33 6
11 23 43
10 72 1
14 4 14
13 10 36
x
1 55 35
14 93 6
13 37 42
15 72 11
14 8 20
x
6 1 6
12 62 38
x
11 3 28
7 4 40
x
14 70 6
14 28 24
x
13 49 16
14 64 40
3 95 8
15 27 19
14 43 26
x
15 42 39
3 65 36
4 56 29
11 48 21
x
15 19 41
9 43 20
5 15 7
x
14 40 4
7 43 21
7 69 4
9 66 1
x
12 76 28
4 70 39
6 34 9
9 85 33
0 12 9
8 61 44
14 48 17
0 75 20
x
x
15 1 33
x
x
9 56 3
1 40 36
10 29 33
12 28 25
8 17 33
7 88 13
4 3 13
14 34 32
8 28 9
14 39 16
x
8 14 25
3 67 36
2 54 15
11 52 11
9 90 20
x
9 8 1
10 12 8
12 15 40
14 54 22
3 19 35
6 36 24
15 52 41
x
x
2 47 12
6 31 42
11 7 16
14 85 23
7 83 30
3 46 31
1 0 34
9 33 1
5 58 6
10 8 33
11 12 40
7 72 40
7 92 19
7 16 20
11 73 31
7 96 36
12 20 31
9 10 41
7 37 35
8 68 14
14 19 37
15 71 25
2 62 14
11 58 17
4 65 10
9 21 8
7 1 5
13 75 20
x
4 96 27
3 2 41
x
x
10 43 7
x
13 12 20
13 41 27
14 89 31
10 19 39
6 54 16
14 77 6
3 68 34
x
10 67 17
x
x
3 79 1
0 19 17
12 25 6
13 14 22
8 94 25
8 45 11
12 82 6
9 1 15
3 84 36
12 2 1
x
6 0 29
12 47 27
10 62 39
x
6 46 20
15 68 2
6 56 39
13 84 4
6 20 24
9 46 39
10 96 27
x
8 53 39
1 80 5
15 97 37
0 25 17
13 28 20
x
2 97 16
3 38 15
2 32 10
0 27 20
11 64 10
15 40 35
3 7 23
10 27 10
x
x
0 36 32
3 53 38
x
13 96 22
14 91 36
14 15 19
10 58 34
6 70 11
6 61 39
13 1 17
x
6 77 22
15 88 42
11 28 13
x
2 65 34
x
0 48 37
13 23 10
8 99 42
6 76 32
11 90 24
11 95 16
0 84 11
10 50 37
11 61 2
7 79 23
12 92 5
5 27 36
x
9 80 10
13 58 15
0 11 36
9 75 38
8 84 13
12 4 18
9 62 22
14 65 18
0 53 42
3 10 11
12 86 31
1 35 44
14 1 20
3 32 1
2 13 22
1 6 24
x
4 92 35
6 88 13
3 50 36
10 18 8
12 68 39
4 16 13
5 45 37
10 6 16
14 78 23
10 54 10
x
x
15 47 37
x
12 90 16
15 58 13
4 0 18
3 75 23
5 69 3
3 73 17
10 24 34
1 17 32
x
5 8 35
15 57 44
6 78 22
6 93 3
4 41 25
4 20 3
11 0 18
1 79 41
3 60 3
x
8 22 31
x
2 94 17
3 0 34
9 69 37
14 81 16
6 8 30
7 14 14
3 91 18
12 42 43
7 55 36
5 0 8
11 43 35
14 99 32
x
1 97 3
2 84 36
2 36 9
13 33 41
5 61 4
10 90 34
3 58 38
11 30 7
15 86 0
2 37 41
13 51 22
5 78 23
7 18 28
8 10 19
12 46 14
9 51 6
x
3 89 17
13 0 26
8 42 26
2 14 4
11 51 39
13 21 31
8 26 43
x
x
4 64 0
0 32 4
1 68 0
4 45 21
x
2 31 33
9 91 21
5 46 41
15 32 1
x
9 14 5
9 24 26
7 44 11
6 96 34
4 25 19
11 55 33
5 39 20
10 77 9
12 96 27
x
0 81 31
8 80 4
x
0 93 35
11 80 34
11 79 15
14 37 33
x
13 56 2
8 69 17
2 6 14
13 93 29
5 1 22
x
3 44 0
1 42 24
1 23 33
15 0 28
13 63 7
x
12 71 28
1 93 29
1 30 15
8 93 14
2 70 7
5 11 42
9 30 13
2 58 33
9 25 32
3 27 31
x
8 1 1
2 2 43
1 90 30
5 96 24
5 75 33
8 9 6
1 56 43
10 86 9
x
1 75 35
2 42 6
7 67 44
13 3 22
2 91 13
x
8 60 25
0 0 23
3 96 2
x
14 5 3
5 6 42
15 36 28
1 9 22
0 98 22
8 64 8
x
11 32 26
x
x
5 84 10
10 37 40
12 9 26
x
12 54 4
7 10 38
x
10 84 41
11 29 26
8 92 25
0 89 9
