13 43 27
7 11 44
x
12 1 16
14 64 33
x
5 59 34
7 84 30
5 16 8
5 69 5
10 10 43
4 24 28
15 76 36
7 48 7
2 95 24
13 63 19
x
9 4 35
11 70 19
12 43 18
13 80 41
10 31 44
8 45 33
11 35 27
3 59 12
2 74 18
8 30 14
1 5 3
10 65 13
x
5 8 26
1 43 0
14 53 7
15 59 15
12 45 24
10 78 0
14 14 35
x
10 97 27
11 68 22
2 3 4
14 9 34
5 6 43
x
12 58 11
5 97 27
2 75 5
x
11 0 36
1 63 34
12 22 25
1 1 28
14 0 13
5 74 0
12 6 36
6 52 20
5 49 12
4 7 9
x
2 35 1
11 86 33
0 11 44
14 3 4
13 79 29
10 40 29
13 23 37
14 60 41
11 40 2
13 83 42
1 28 7
12 78 41
14 49 44
2 79 16
14 55 20
4 58 1
7 1 18
x
0 4 38
15 57 7
4 82 23
x
14 90 13
7 56 11
0 37 28
12 66 8
x
13 40 20
x
x
x
5 39 30
10 63 25
7 68 10
12 29 37
13 57 21
9 27 25
0 32 14
6 8 25
2 82 11
9 83 10
5 27 30
3 39 1
5 54 31
9 90 13
6 50 14
14 45 1
2 59 32
3 10 42
12 42 13
9 48 44
x
9 34 9
9 0 23
11 22 30
x
4 31 14
7 0 9
13 70 3
12 96 42
12 36 5
10 18 24
x
11 45 17
11 29 6
10 1 28
6 89 5
x
7 60 13
7 51 23
9 72 11
2 93 9
3 95 36
3 20 6
0 52 38
6 17 43
15 80 42
x
5 7 35
15 40 30
0 58 43
7 42 41
15 1 8
4 51 0
3 31 31
15 33 1
x
1 73 24
6 0 18
11 84 18
0 84 6
6 45 1
12 83 40
x
7 76 34
2 17 28
2 13 22
x
0 27 2
12 12 37
2 90 32
3 50 19
3 67 24
3 73 38
7 65 40
2 63 33
5 93 12
9 21 40
11 9 5
7 91 12
12 44 36
3 90 26
x
x
0 26 18
11 57 25
4 33 20
x
11 28 0
11 12 8
14 72 27
9 37 39
14 17 38
x
6 37 9
x
1 23 12
6 73 37
x
x
4 56 13
8 92 20
x
1 62 33
x
6 81 18
11 54 22
0 21 28
x
x
14 66 28
6 76 29
7 44 3
7 86 24
3 53 38
12 59 16
x
0 41 31
1 83 39
15 50 29
14 99 11
6 34 8
1 80 36
8 4 6
2 30 11
12 81 25
12 4 13
15 88 23
x
10 92 10
14 87 31
11 10 27
1 96 3
x
15 0 7
x
x
4 5 14
8 94 23
1 92 20
5 5 34
3 1 22
3 65 23
11 74 19
5 25 16
x
13 9 38
3 78 33
4 94 33
14 22 28
4 54 35
x
0 30 38
13 28 28
3 13 31
15 26 33
6 14 34
1 49 10
x
x
10 6 1
1 87 24
1 0 18
11 3 39
x
4 65 24
x
7 16 33
8 66 38
x
9 43 44
9 53 32
12 50 35
10 55 40
4 75 21
x
5 1 23
x
6 70 13
9 87 7
6 19 11
10 64 9
15 32 44
x
x
4 36 4
0 5 11
10 0 2
13 68 17
4 64 31
12 20 27
6 77 30
x
x
x
2 40 5
7 10 22
1 20 32
10 75 42
x
14 71 38
4 46 35
x
15 84 24
x
x
1 30 39
0 45 7
5 85 18
7 29 23
8 16 3
13 49 30
10 30 42
x
5 19 38
5 34 30
4 72 6
12 73 41
x
14 77 6
4 20 34
13 35 31
7 36 38
10 24 30
x
12 90 17
1 57 18
x
x
x
2 33 39
x
2 70 27
3 82 29
8 23 27
5 21 43
x
14 65 7
10 88 6
0 74 30
4 68 34
6 91 26
13 5 26
13 95 31
8 80 26
8 58 37
x
8 60 29
14 30 44
x
x
11 96 19
x
x
14 41 23
15 51 29
8 89 39
3 87 29
x
5 29 18
2 65 24
6 86 43
x
x
4 66 23
x
7 94 43
8 35 23
0 12 41
x
9 29 19
x
x
14 29 4
x
1 40 24
15 38 4
x
5 62 41
4 45 40
10 26 24
4 98 14
15 45 24
4 48 25
12 26 44
13 50 17
6 59 31
1 77 38
13 75 39
7 41 23
x
8 76 41
x
1 8 39
6 54 38
7 37 36
5 45 12
7 72 8
x
0 48 26
1 66 24
x
5 64 27
15 72 44
x
14 95 11
0 75 30
x
0 54 0
8 25 18
x
12 56 28
x
1 13 4
5 89 29
6 47 6
15 42 30
0 79 21
2 21 26
0 8 25
3 41 18
3 6 27
15 15 44
12 70 0
13 13 20
13 19 13
13 90 40
6 26 42
0 43 38
10 59 38
8 9 25
x
2 23 11
x
13 45 26
13 56 12
3 96 2
8 99 19
3 44 32
13 58 12
3 8 5
9 69 1
3 25 0
8 84 7
7 35 32
8 52 34
6 9 24
4 86 17
15 68 25
10 14 30
x
7 97 15
11 79 27
x
10 83 36
2 85 12
11 8 38
11 49 17
x
14 82 9
12 9 19
2 54 33
12 92 41
14 37 16
9 18 22
3 0 32
12 0 14
10 72 3
5 46 22
11 91 36
8 40 42
6 82 17
11 61 24
0 89 26
10 38 17
2 0 32
x
9 91 1
10 53 0
1 2 13
0 0 38
6 68 43
15 19 18
12 15 11
0 95 25
x
4 1 3
1 55 14
0 64 21
12 34 0
3 36 39
6 56 27
13 0 37
2 66 41
x
0 29 40
x
7 2 35
4 30 6
9 92 41
x
8 0 29
14 5 26
x
0 23 2
0 68 41
10 45 41
10 37 14
5 11 3
x
11 18 18
2 7 30
8 63 39
10 96 20
x
x
2 62 26
4 29 16
x
4 2 9
0 61 33
4 0 26
9 14 41
x
2 49 28
9 81 35
5 47 26
10 34 18
0 16 27
0 91 26
7 24 42
15 21 10
6 1 42
3 58 34
7 5 36
9 24 27
6 35 4
9 66 34
4 91 10
3 19 1
x
9 67 2
9 75 33
15 96 0
x
2 69 8
x
15 90 28
12 63 18
4 18 36
0 39 40
3 29 26
x
1 56 28
9 1 11
x
6 80 22
13 3 37
8 85 23
6 66 10
9 57 16
x
6 21 33
4 12 1
8 18 36
x
4 41 33
8 72 23
4 13 29
x
x
2 28 22
11 5 39
9 25 7
11 94 35
8 1 36
x
4 70 6
9 60 10
15 13 22
3 38 19
2 9 10
5 84 4
15 10 9
15 92 32
9 9 4
15 4 33
8 47 7
14 70 26
x
11 20 25
12 86 4
5 80 28
15 63 21
7 79 7
x
14 34 2
1 35 14
x
6 96 42
13 87 17
15 9 44
x
10 49 10
6 6 3
10 69 30
1 70 13
12 54 40
6 30 15
13 65 17
x
5 0 22
10 93 36
7 20 29
x
4 79 33
12 68 11
3 74 22
8 73 20
x
5 76 33
9 77 39
x
8 13 3
1 17 42
13 33 8
13 17 9
12 47 37
6 44 16
9 95 18
6 40 21
2 43 36
x
11 34 15
14 28 34
6 62 0
