5 33 26
7 29 2
x
4 52 27
10 1 6
x
12 83 26
10 37 34
7 39 40
12 65 37
x
8 20 4
9 96 30
8 46 0
0 82 29
1 43 30
9 31 42
x
11 74 5
x
3 38 2
15 51 10
0 36 2
3 30 18
0 95 33
6 6 25
0 59 9
5 30 10
11 53 1
8 40 39
x
7 0 19
0 38 29
2 83 21
2 74 19
x
5 52 6
13 79 17
3 20 40
x
4 77 20
9 51 25
14 0 29
11 21 32
15 9 42
6 43 14
2 34 13
0 0 5
4 85 7
x
x
6 36 4
7 47 0
12 22 19
5 49 24
15 17 1
x
x
x
12 73 35
2 78 40
12 59 37
5 85 14
13 1 7
8 34 43
8 11 27
1 40 1
13 68 9
15 10 10
7 22 23
10 2 31
13 31 21
13 65 38
10 27 24
4 72 24
1 64 26
10 50 39
x
x
14 88 16
5 16 12
12 44 38
x
10 86 2
x
3 90 8
6 63 42
11 34 43
4 46 2
6 46 6
14 79 37
13 56 6
10 5 20
15 65 34
8 50 6
0 30 36
3 3 41
3 65 40
10 83 16
10 73 30
x
1 79 36
7 86 39
x
8 15 13
4 19 22
x
12 49 8
x
13 86 20
2 23 37
x
14 65 11
x
11 29 26
4 25 41
5 8 7
14 68 24
3 78 33
x
10 77 31
x
x
0 64 44
5 95 7
1 50 33
x
12 78 22
3 13 19
11 51 8
x
2 28 39
9 4 31
1 52 10
9 32 1
15 57 11
5 67 8
7 91 1
14 92 41
10 97 0
5 14 35
4 69 17
8 23 23
10 19 27
x
1 14 8
8 87 0
10 49 31
1 37 32
8 62 24
14 56 5
6 10 40
15 86 31
8 43 39
x
5 60 9
6 37 8
2 76 16
3 0 41
x
13 20 34
5 87 44
8 58 2
6 2 32
x
1 81 22
10 59 22
3 36 3
11 18 18
x
x
0 91 7
12 93 15
15 44 24
15 4 11
x
x
7 5 26
7 80 25
2 43 44
6 70 38
0 21 8
x
x
5 0 29
11 80 10
x
14 10 4
8 59 6
15 98 31
2 26 43
11 90 8
8 99 30
11 92 37
8 72 2
12 16 40
7 98 19
2 29 35
x
4 29 3
x
14 20 29
x
3 68 19
11 57 39
0 48 4
15 0 37
x
5 45 33
9 66 3
14 64 36
7 16 16
x
0 43 38
x
12 0 31
14 45 14
x
7 97 14
x
2 16 25
0 78 28
1 93 19
8 86 25
8 51 21
8 67 30
4 33 27
15 19 40
7 35 30
4 45 9
14 58 7
15 43 39
12 28 11
8 9 44
15 71 13
5 40 42
0 1 10
x
x
4 95 31
0 52 25
12 42 16
9 56 2
2 18 14
x
x
6 25 23
x
1 97 19
x
6 90 26
0 50 2
x
11 6 1
x
15 70 41
6 66 11
13 2 14
x
10 54 24
13 10 28
15 39 0
7 6 9
0 26 9
8 26 5
4 35 21
10 88 9
3 43 13
8 84 2
x
1 49 1
3 67 36
0 32 41
x
7 68 22
x
9 73 13
x
x
3 50 31
14 14 18
x
x
14 53 22
2 97 16
x
4 9 30
15 1 32
6 55 0
x
x
3 95 2
12 24 6
11 84 36
5 64 13
15 45 0
7 14 36
12 32 31
0 5 30
5 93 43
x
13 49 10
4 66 0
12 2 37
11 13 33
7 19 7
x
10 61 4
11 61 39
3 23 5
3 59 10
x
2 92 41
14 24 43
x
x
x
11 28 24
15 80 17
7 60 0
12 36 21
x
4 14 7
14 3 44
8 74 2
8 0 12
x
3 96 20
8 73 37
2 62 23
x
1 57 20
7 24 40
x
13 57 33
13 95 17
2 9 26
6 51 17
7 65 25
10 25 30
0 74 18
14 34 40
0 14 41
x
x
x
13 40 32
9 67 38
13 50 37
11 79 6
1 45 34
5 55 4
x
5 12 18
7 45 34
7 72 23
1 0 13
6 18 40
x
13 81 8
6 8 16
15 26 31
6 34 40
x
7 62 44
x
6 59 42
14 66 44
1 62 22
4 55 40
x
3 8 4
3 75 5
15 73 6
1 9 9
12 19 10
8 31 2
x
7 85 7
8 93 11
x
13 73 5
13 22 16
9 0 11
12 4 28
7 59 33
9 82 35
12 8 31
4 2 15
13 91 37
9 28 41
13 35 7
2 64 30
3 41 32
9 93 0
9 43 4
15 72 24
0 87 40
10 43 25
6 30 40
5 58 21
2 49 2
4 81 25
11 1 17
11 71 6
7 49 0
13 60 30
14 51 33
0 19 7
3 46 36
x
x
1 85 30
3 26 38
x
2 2 42
10 65 42
3 73 23
10 32 21
12 55 12
x
x
5 19 31
9 9 2
1 77 21
x
0 46 22
x
9 68 27
5 26 27
x
x
10 96 5
x
6 95 4
0 54 1
5 73 40
x
7 52 14
11 39 36
12 13 36
8 52 29
4 12 8
2 68 17
8 78 10
13 59 16
1 88 39
9 90 29
7 75 30
12 86 1
x
14 73 22
7 10 8
11 68 7
10 0 17
x
x
3 58 8
1 29 23
14 40 5
14 36 28
13 43 1
5 28 11
1 63 2
6 40 36
9 24 16
2 0 8
11 45 25
4 92 40
1 5 11
8 17 35
11 47 19
15 93 20
7 92 17
5 46 1
15 23 12
11 0 39
11 96 1
11 49 34
12 96 13
4 97 17
15 36 38
1 65 6
3 87 40
14 99 16
2 56 25
13 28 11
1 28 14
15 14 6
x
10 18 18
9 61 5
1 32 2
13 7 31
14 29 33
4 37 13
12 92 26
5 68 0
x
13 14 31
5 47 2
4 41 35
8 39 43
14 84 34
8 92 40
15 50 1
4 24 19
0 69 16
x
10 9 31
12 90 27
x
14 5 6
6 85 26
4 0 42
11 25 9
1 75 12
x
9 19 35
12 60 28
x
4 48 42
15 84 28
15 88 39
8 19 44
2 87 38
5 39 2
x
14 1 40
x
x
1 55 11
10 69 39
1 34 18
x
10 91 31
14 94 10
0 11 10
15 54 10
1 78 23
6 76 41
5 5 7
3 19 44
9 39 35
15 60 13
x
11 4 32
4 88 32
4 64 42
5 9 9
5 21 30
5 78 26
10 24 16
3 82 1
9 75 38
8 28 44
15 85 33
1 70 10
x
5 84 24
6 0 19
2 94 0
6 13 42
9 2 21
10 40 23
2 89 17
8 41 15
x
2 54 22
2 1 43
9 78 34
x
12 70 44
14 47 4
1 22 19
8 4 43
x
13 0 21
11 10 31
2 7 40
12 97 4
5 35 20
x
2 38 23
9 47 27
9 86 12
15 76 31
7 42 12
15 32 3
x
0 41 34
9 12 11
4 5 33
6 35 26
6 15 23
6 78 3
1 68 0
12 52 32
14 17 32
4 59 33
8 49 30
x
7 55 39
x
x
11 43 43
x
14 76 12
9 17 32
1 18 44
13 16 27
2 12 17
3 54 29
15 62 39
14 96 12
x
6 22 18
14 28 7
9 34 21
11 86 44
10 12 26
15 24 15
3 53 7
x
6 81 28
