x
7 95 15
14 44 9
10 65 0
8 37 44
x
x
x
11 4 6
6 24 14
1 96 43
3 21 43
11 23 22
12 86 31
10 31 40
0 2 41
x
8 86 43
15 14 6
10 40 12
7 68 8
2 66 12
1 85 10
7 36 39
x
11 68 23
13 66 15
6 14 32
7 91 43
9 24 30
x
4 83 2
x
9 61 27
2 1 18
6 71 32
8 68 29
14 0 18
1 81 23
x
7 42 1
12 76 2
7 35 44
1 3 5
x
8 76 4
12 14 29
6 6 24
x
12 68 41
x
0 52 10
x
7 85 2
5 70 38
10 24 13
11 87 33
2 56 37
1 84 25
7 58 4
10 71 11
8 56 25
x
8 58 7
x
4 93 14
13 59 1
14 78 40
6 41 9
14 95 40
12 38 33
x
15 59 12
13 90 21
x
x
x
x
3 0 3
15 33 28
x
6 64 35
4 74 43
x
2 12 3
4 11 0
12 5 44
9 14 29
5 68 33
6 0 36
8 22 39
x
6 91 36
0 27 12
13 54 8
14 68 17
3 30 38
10 83 36
8 2 11
12 60 5
11 39 20
4 25 19
12 18 19
8 7 42
0 56 27
12 96 35
2 54 29
9 29 37
13 79 1
x
3 27 35
x
5 99 29
1 49 14
x
x
x
3 73 23
4 7 25
14 47 40
12 53 6
12 71 22
7 16 29
9 5 34
x
4 42 13
10 50 11
x
1 34 23
10 21 6
10 56 24
x
15 9 29
x
x
12 42 38
x
8 84 14
12 23 20
x
15 67 28
10 1 41
x
12 45 0
13 95 29
13 82 26
7 48 1
12 1 1
8 5 11
11 45 36
x
x
7 46 34
14 52 23
0 20 30
1 30 18
4 18 34
x
3 61 0
7 71 40
8 27 4
6 95 27
0 1 34
x
7 88 23
9 70 19
8 72 28
x
14 74 6
10 0 37
15 88 37
9 19 24
6 54 42
11 55 42
x
5 96 17
0 68 1
1 55 9
0 4 34
3 67 20
x
6 45 39
3 2 43
14 8 26
9 43 39
7 30 37
11 75 16
0 36 8
0 24 44
15 76 7
x
13 9 42
5 5 23
15 27 16
12 90 9
1 40 30
13 80 38
x
1 44 26
x
x
11 96 44
15 22 28
2 35 21
9 57 19
3 19 23
13 49 3
12 25 14
7 3 6
15 0 15
5 0 44
x
1 7 28
12 2 15
15 54 14
x
0 87 23
14 11 36
x
14 24 38
6 50 20
8 51 28
14 40 35
2 49 20
x
5 45 21
5 6 23
7 4 12
11 0 13
15 84 16
x
6 13 19
5 29 19
8 17 14
x
9 75 19
2 23 41
11 35 3
x
5 63 41
5 61 41
2 50 35
7 63 16
5 22 22
0 58 31
6 34 1
5 78 9
x
1 58 44
13 41 4
10 90 11
11 77 26
6 69 5
9 1 20
9 0 8
x
15 37 33
x
13 46 12
15 1 8
x
1 92 43
8 44 7
11 62 9
15 65 3
8 74 30
0 48 9
x
6 20 23
5 94 28
5 52 12
7 24 21
9 35 21
3 50 36
13 74 17
0 97 44
10 49 37
15 49 28
12 13 6
2 80 16
11 7 2
12 92 13
2 32 34
14 37 27
5 65 32
2 62 13
10 45 31
8 48 12
13 37 0
7 57 29
6 22 44
10 16 24
7 25 44
6 52 22
x
8 12 30
10 58 17
2 69 4
7 11 8
5 1 29
4 1 5
8 55 39
12 31 12
2 10 9
1 62 13
3 58 26
9 95 8
2 44 17
13 4 6
8 9 18
x
7 90 2
10 26 31
1 19 16
15 32 28
x
3 54 17
7 20 38
11 32 7
2 39 9
5 84 38
14 55 44
8 93 5
4 21 24
15 92 1
13 86 33
14 99 26
13 20 20
13 50 29
10 76 29
8 29 41
x
x
x
2 30 38
0 11 32
15 41 5
x
2 7 41
4 45 36
14 28 44
x
14 88 29
x
x
x
11 56 24
15 44 24
6 86 44
4 41 17
14 16 4
3 91 35
4 58 22
15 57 19
6 37 34
9 54 44
2 95 19
13 62 27
0 82 30
x
12 29 14
2 14 2
14 32 21
x
9 51 1
15 69 21
9 10 21
3 38 33
14 77 20
14 33 11
x
6 56 19
5 89 27
1 78 7
10 85 41
12 83 26
3 24 19
13 56 5
11 69 40
x
x
x
11 50 4
2 78 19
2 3 28
3 65 31
3 13 18
15 71 29
9 39 2
x
5 53 10
14 3 5
14 64 22
5 59 6
7 21 19
x
13 45 32
14 70 20
x
0 53 11
x
2 84 39
1 11 1
13 51 21
2 89 19
15 62 15
5 13 4
12 81 33
6 39 23
11 84 8
4 64 35
6 79 23
8 41 22
x
6 9 26
x
10 41 33
x
11 92 41
4 66 1
5 73 28
15 78 14
1 87 30
x
7 41 26
5 18 20
10 15 37
3 78 15
0 92 18
1 28 32
6 83 18
0 32 4
x
7 29 33
1 22 35
3 40 40
10 51 3
x
13 71 38
x
7 77 30
9 46 24
12 58 23
x
4 78 35
10 20 6
x
2 92 32
x
1 71 7
5 8 3
6 61 22
10 96 17
4 97 12
4 24 21
7 80 13
11 81 11
7 87 6
10 11 25
11 70 6
3 45 11
x
13 0 42
1 43 34
11 41 4
2 19 37
14 46 44
13 2 16
14 85 20
8 79 14
12 51 18
11 79 34
x
x
x
8 99 9
3 17 2
2 74 2
x
x
4 47 23
0 77 41
10 28 32
10 68 2
x
4 88 27
5 56 28
3 53 35
2 27 10
2 63 13
14 97 31
15 96 7
x
x
9 90 2
15 85 38
11 44 2
13 11 43
0 16 5
x
3 6 23
0 89 2
0 41 3
9 25 3
6 8 1
10 38 41
10 37 14
9 66 36
x
6 17 23
3 36 5
0 43 38
10 4 2
4 35 24
4 5 30
12 49 13
2 42 29
14 19 10
x
9 84 39
12 8 7
10 78 43
0 9 29
x
5 39 36
8 0 21
10 84 29
x
x
5 93 29
5 27 33
1 56 28
11 10 7
15 51 28
x
13 33 3
2 52 8
8 19 2
11 21 1
2 41 35
8 61 25
x
x
4 15 19
8 59 39
2 0 40
14 93 15
7 81 1
x
8 38 21
x
x
4 29 8
4 30 22
7 0 5
7 8 6
x
10 60 10
5 33 15
4 0 26
10 18 19
7 74 11
7 55 21
0 80 12
4 55 13
5 49 20
2 82 14
14 58 43
x
x
1 74 38
10 14 2
11 59 5
12 64 6
3 95 4
12 34 11
4 50 24
0 0 28
0 74 16
10 9 28
6 76 27
9 32 10
0 63 12
3 8 6
3 83 6
11 18 35
11 28 9
13 24 23
x
1 0 2
x
9 79 7
5 40 27
8 92 36
x
x
x
8 34 23
1 89 20
1 15 42
x
12 93 31
13 16 27
13 28 32
x
14 83 10
4 70 0
11 14 27
x
6 29 4
x
3 87 22
7 52 8
4 2 13
15 6 27
x
x
12 0 17
1 66 26
15 45 2
8 63 0
x
8 85 41
x
15 18 4
x
