x
7 37 13
0 74 41
2 30 39
x
2 79 5
9 90 14
x
x
x
15 9 12
12 27 36
4 45 23
5 54 4
2 9 30
2 88 0
9 26 16
5 18 37
8 18 28
6 77 21
12 37 13
12 4 27
15 6 44
7 87 23
13 8 17
7 43 23
x
2 62 39
x
x
x
12 54 33
6 36 17
13 36 29
10 88 33
11 87 4
14 69 43
11 83 2
1 56 3
2 86 28
5 7 43
1 72 2
14 28 23
13 74 38
x
11 37 29
x
13 65 27
6 92 39
1 79 40
1 35 16
5 0 20
14 76 32
12 16 33
9 6 11
12 42 33
10 1 38
x
0 52 26
0 53 12
x
12 92 8
6 82 21
x
x
15 79 7
x
4 49 41
13 92 0
2 25 27
6 38 6
12 44 32
3 38 39
14 84 1
x
9 25 29
9 61 40
10 0 25
6 8 35
x
x
x
9 34 5
5 16 37
x
x
x
x
x
9 69 10
13 43 12
0 41 34
x
8 86 16
10 97 34
6 90 21
x
2 43 5
3 2 42
1 44 29
x
15 46 42
0 90 23
2 14 38
13 66 11
x
x
7 2 10
4 26 16
7 5 4
x
6 61 7
10 19 20
2 52 23
0 58 24
0 15 11
1 62 22
12 68 34
3 80 36
15 84 29
1 67 29
12 7 39
2 69 31
0 27 39
7 49 4
1 33 22
9 43 28
x
15 61 32
10 25 3
14 91 40
5 2 42
1 49 9
15 44 12
13 49 7
6 48 41
11 28 20
5 64 6
x
11 14 30
7 67 40
1 64 20
5 80 13
x
8 3 42
11 79 6
11 74 11
5 1 14
4 21 36
6 28 28
x
15 71 42
10 37 9
10 83 18
9 49 35
1 96 22
x
6 70 0
11 24 22
2 33 43
9 75 18
6 23 5
8 92 0
12 1 0
9 47 41
5 76 38
15 66 6
8 58 25
0 78 9
6 6 24
13 23 35
14 65 40
0 49 17
9 24 4
9 80 14
2 76 20
x
x
1 7 11
3 10 32
x
10 61 26
6 19 33
1 24 26
13 28 35
13 88 30
15 59 23
9 19 19
x
x
3 78 2
12 62 22
4 24 15
14 48 5
7 1 18
9 27 24
x
10 31 17
2 44 3
11 91 22
12 0 13
14 72 23
9 84 22
14 7 40
x
1 91 40
4 64 9
0 23 27
14 3 23
2 75 15
4 73 23
9 39 27
2 5 18
x
9 67 11
x
x
2 0 40
3 95 39
8 68 27
10 86 5
x
13 68 13
12 90 10
9 5 44
13 16 9
5 45 33
10 44 19
7 21 11
11 0 36
x
x
0 36 41
12 22 5
1 55 26
5 11 0
9 57 29
14 19 24
14 52 23
11 72 24
x
12 30 34
x
0 63 13
0 17 27
3 84 4
10 54 31
3 20 13
1 28 28
4 80 6
11 95 28
11 18 7
x
x
5 95 38
3 50 1
x
15 51 35
4 0 32
15 74 20
3 60 44
8 48 3
12 96 35
3 90 2
1 12 17
4 29 18
14 57 4
x
13 31 10
x
7 35 35
8 59 40
x
6 84 1
x
x
10 18 33
14 35 32
10 24 34
14 78 40
4 41 39
x
14 37 26
8 0 13
x
3 36 25
7 79 21
9 11 1
5 96 32
7 42 43
1 59 16
5 15 5
14 80 7
x
15 68 32
10 90 9
6 68 41
10 27 11
2 16 12
x
9 44 20
12 24 4
0 2 34
x
2 57 3
14 93 40
4 35 37
11 29 11
4 65 30
7 13 44
4 5 35
1 0 35
x
8 72 10
14 1 21
3 53 11
9 16 12
7 63 4
x
15 57 36
15 26 40
x
9 0 24
10 15 33
2 65 11
5 40 38
14 99 14
4 91 42
2 15 32
12 93 44
x
x
0 95 38
11 11 4
14 96 21
x
x
6 78 30
x
2 41 2
6 51 22
11 4 28
8 63 11
7 25 43
10 6 7
9 14 0
x
3 65 20
7 44 1
9 38 5
x
13 85 31
12 81 0
3 67 31
0 81 38
9 31 39
1 82 37
5 47 12
4 95 3
5 33 1
5 62 43
7 69 15
9 45 27
6 45 18
3 75 39
14 89 25
x
x
6 35 13
10 40 7
3 0 20
x
14 29 29
3 97 2
3 5 36
1 93 9
x
7 64 21
0 48 30
x
12 12 19
7 74 44
15 35 28
11 6 18
8 36 11
10 20 20
x
8 93 32
8 45 44
x
x
11 40 36
x
x
10 66 4
7 92 41
10 96 3
15 17 9
x
3 46 31
x
1 14 20
15 96 11
13 40 3
14 11 18
7 10 6
10 49 32
12 66 35
12 25 44
8 40 16
15 33 40
14 23 44
14 4 0
13 4 6
6 10 15
4 75 30
0 32 11
x
8 79 26
4 10 0
7 82 41
7 29 8
4 89 29
0 7 43
13 0 9
x
13 3 41
2 36 27
x
x
2 27 42
15 40 4
0 22 16
8 99 15
14 14 23
8 31 44
10 72 22
x
6 97 0
13 81 14
5 51 17
9 95 35
15 13 35
8 22 9
14 43 31
9 66 34
11 45 7
3 15 33
5 84 41
6 58 2
3 30 17
1 4 37
12 77 8
4 2 41
12 36 27
2 74 39
8 60 27
2 51 23
14 60 41
3 25 25
4 31 7
4 84 44
x
13 79 14
0 12 1
x
12 53 20
9 93 8
x
9 53 25
4 14 25
11 85 32
7 16 27
x
9 30 15
x
3 59 10
12 73 12
0 0 0
2 49 31
x
11 69 25
x
5 89 9
14 64 18
8 13 27
3 87 38
3 19 17
6 55 37
13 13 15
9 46 1
6 86 16
x
1 19 17
4 58 26
6 72 27
5 39 39
11 19 20
10 11 26
15 15 10
3 73 38
8 52 27
6 0 16
12 18 24
0 43 35
7 0 5
7 36 8
11 33 29
x
9 77 27
13 64 40
6 1 12
6 14 11
2 90 5
5 5 12
13 72 17
12 64 14
11 61 0
1 40 0
x
0 68 4
8 27 0
0 11 39
15 21 36
6 76 21
10 59 24
4 25 20
x
6 34 10
13 2 38
5 93 25
x
x
13 20 6
6 41 18
4 54 41
9 9 2
1 1 31
x
3 58 42
15 4 40
12 86 43
2 50 5
6 42 26
15 94 28
13 80 41
x
12 32 44
x
15 48 34
x
13 56 16
12 40 18
5 28 38
7 60 5
14 32 0
x
5 23 4
4 16 1
3 96 30
10 98 38
11 8 26
6 95 16
0 76 19
0 83 21
5 65 21
0 5 32
3 41 38
1 22 20
11 68 22
x
14 0 3
x
5 72 31
12 48 26
7 56 16
15 89 42
4 74 11
10 69 36
x
15 1 22
4 70 19
x
x
8 75 15
12 59 10
2 21 17
x
6 64 17
14 40 24
6 47 37
10 77 5
11 54 38
15 32 2
x
13 61 16
10 21 39
11 1 43
11 58 5
13 96 32
13 1 40
1 31 9
11 50 1
5 57 18
2 83 27
8 43 37
8 9 40
13 33 18
7 54 13
0 86 2
7 96 8
1 87 6
3 69 8
0 44 40
8 84 23
8 55 12
x
1 63 9
2 95 16
13 51 12
x
1 77 1
3 51 21
15 0 32
5 68 32
