3 90 9
9 95 32
6 24 10
4 13 27
11 49 42
10 40 4
x
x
5 71 14
11 87 3
12 16 16
15 39 40
x
8 0 30
4 30 35
3 9 34
12 42 4
9 27 5
x
8 30 25
6 16 14
x
4 83 42
7 18 35
12 79 33
x
x
12 43 20
9 56 15
9 54 19
x
8 66 21
x
4 79 16
6 51 43
4 54 26
15 53 21
12 5 11
x
11 8 28
8 79 10
2 28 17
14 28 9
x
11 94 12
0 27 31
9 10 18
10 94 38
2 43 15
x
7 84 8
15 0 26
x
11 76 11
4 45 21
11 25 29
5 66 39
8 61 40
1 62 21
0 59 19
12 27 34
6 34 37
14 67 44
12 90 38
7 25 20
x
13 33 14
x
x
0 49 21
14 9 3
15 45 23
3 38 8
2 78 0
6 70 1
10 19 2
11 13 35
x
14 65 2
8 75 0
2 40 30
3 59 4
11 50 34
x
3 92 26
x
13 19 17
8 20 25
7 1 11
5 74 1
2 93 24
5 84 18
x
4 35 34
9 55 7
x
1 17 22
10 0 19
6 30 23
5 53 15
5 1 15
0 74 0
1 34 24
14 39 12
4 16 44
6 1 13
6 35 26
2 83 6
13 49 24
8 93 20
9 1 42
x
x
10 12 26
x
0 8 1
11 44 26
0 20 8
9 78 9
x
4 95 32
10 54 29
5 79 3
10 31 3
4 85 35
7 71 20
9 60 10
x
6 81 42
0 57 36
15 10 17
x
1 71 19
11 28 4
2 0 31
13 92 38
3 58 28
x
10 64 40
12 92 8
11 79 16
9 37 38
4 24 2
6 77 13
1 29 19
11 45 27
x
x
2 33 31
x
x
x
2 46 34
1 45 41
13 3 21
0 64 35
7 49 43
x
5 35 30
14 75 33
11 92 22
14 55 7
15 32 43
9 51 41
12 32 18
1 82 16
8 11 10
x
6 48 44
14 4 17
5 23 9
3 14 23
5 5 42
1 40 25
13 29 1
14 21 31
9 46 10
5 39 1
5 14 3
x
4 58 40
x
7 14 41
10 79 23
5 41 26
x
3 3 18
0 96 16
x
x
11 35 44
8 9 43
5 85 9
10 24 40
15 33 17
10 28 20
x
13 84 44
x
x
6 53 31
10 90 25
9 32 34
x
14 94 5
x
x
x
x
6 0 2
2 76 26
x
6 8 42
x
10 10 4
15 1 9
x
14 79 8
0 32 10
5 32 8
14 44 23
14 84 0
12 12 32
7 43 1
14 3 32
11 81 2
3 50 34
8 39 24
3 96 16
14 89 21
9 90 1
7 79 40
3 81 42
2 53 31
x
x
12 96 6
12 70 2
7 90 7
14 46 43
14 14 36
7 77 16
3 41 34
12 74 40
7 95 1
4 41 27
15 34 11
9 69 27
2 58 18
x
6 95 29
9 0 36
2 74 15
10 71 10
2 49 15
x
x
5 95 19
0 25 27
12 7 21
11 54 41
3 20 24
1 63 3
4 50 28
x
x
2 25 32
x
14 0 1
x
0 48 36
x
2 17 39
13 66 16
13 39 20
3 73 39
x
13 56 27
14 12 40
14 73 33
3 0 11
x
6 59 18
x
9 66 16
x
15 19 37
x
5 88 5
9 64 11
7 9 25
8 72 34
3 53 40
x
9 7 18
x
x
1 86 34
10 49 6
7 88 41
6 38 30
0 43 29
x
9 82 43
7 62 20
13 75 32
7 52 33
1 92 40
8 13 12
x
6 19 17
0 41 39
x
10 87 14
x
12 66 16
14 70 23
2 77 35
7 46 5
0 30 22
4 18 18
5 7 3
13 14 36
8 37 40
6 44 8
x
14 78 22
1 0 12
x
14 42 1
11 30 31
7 37 16
4 64 12
14 24 39
13 68 35
3 85 21
x
x
13 24 7
0 52 32
x
x
9 18 1
6 39 41
x
7 7 43
0 5 40
0 11 0
5 27 37
3 67 31
5 63 0
x
4 74 25
11 68 16
13 12 27
15 69 32
0 68 2
x
1 22 44
14 16 22
13 22 31
9 84 27
1 28 7
5 93 15
14 31 34
x
10 75 20
4 0 18
0 14 41
13 62 41
x
0 15 35
10 84 17
x
10 2 19
2 50 8
1 14 0
14 60 30
8 92 4
13 7 28
2 2 10
12 51 17
11 20 6
5 86 14
15 58 3
3 19 14
2 21 13
0 0 34
x
14 5 8
10 7 11
1 4 32
6 12 39
11 3 14
15 62 33
6 26 36
14 64 41
x
8 52 11
7 11 4
7 41 10
12 46 0
x
5 60 13
0 44 13
13 59 33
2 63 18
x
13 70 18
11 10 3
x
10 96 3
9 4 14
x
2 89 13
13 50 22
x
12 3 29
x
10 44 38
13 43 34
8 32 37
11 37 25
11 0 13
6 43 40
7 73 36
x
2 35 40
x
6 57 44
x
7 58 32
10 1 12
3 36 8
x
x
2 6 41
7 80 1
9 43 11
1 41 40
11 5 39
15 3 23
2 11 30
0 78 17
15 75 28
7 0 26
8 3 3
x
8 47 26
4 5 42
3 76 14
13 0 26
9 14 33
15 97 8
13 28 28
10 18 32
13 89 3
15 15 19
15 94 9
14 34 3
15 27 7
7 66 38
1 90 0
14 88 35
6 62 3
3 68 39
15 9 36
x
4 2 8
x
x
7 23 16
10 59 34
5 48 0
5 0 5
1 55 42
2 62 11
5 19 30
1 76 13
11 85 20
5 57 41
10 20 42
x
15 72 6
11 86 28
12 56 24
0 37 1
3 65 42
x
x
15 68 30
0 88 38
0 12 31
15 16 9
12 61 5
x
4 29 28
1 56 24
8 87 33
8 73 10
x
1 79 3
10 83 30
2 13 42
x
12 0 35
8 31 24
x
15 80 22
0 54 36
x
14 90 12
4 8 27
x
9 40 41
12 1 0
11 72 29
11 95 15
0 33 3
x
14 48 27
1 67 28
14 99 23
15 22 36
x
14 40 26
x
12 34 17
5 40 30
13 58 17
14 53 22
10 37 16
15 49 40
3 46 14
13 79 7
x
x
x
15 85 39
7 57 40
0 76 41
8 84 40
6 76 11
15 87 24
7 3 25
1 78 32
8 18 37
15 90 2
7 44 31
x
4 69 38
3 30 19
x
8 25 14
x
1 51 24
8 99 8
12 20 36
6 65 38
15 57 16
7 5 0
x
11 70 25
11 18 3
3 11 34
x
x
1 9 2
12 25 31
x
13 80 14
3 95 44
15 65 11
x
4 90 40
7 30 6
11 39 44
14 69 41
13 72 5
4 48 6
9 24 16
x
2 68 18
0 83 3
1 96 43
5 45 7
11 58 11
15 12 18
6 91 33
15 42 43
2 57 39
6 86 17
3 5 40
14 13 38
8 58 3
x
14 29 31
x
x
5 10 3
x
3 28 0
x
13 95 16
2 86 11
7 35 15
3 24 19
6 54 7
2 55 23
0 92 16
12 37 11
11 62 13
9 61 32
13 36 11
11 74 39
1 49 25
9 75 33
15 84 2
12 84 19
8 43 2
10 66 12
2 98 21
6 37 31
6 6 17
x
