0 94 11
6 79 29
0 8 27
0 74 8
3 19 31
9 58 3
x
1 25 43
2 45 29
x
2 86 25
15 32 7
x
15 41 40
14 58 9
4 89 34
15 55 19
0 77 2
2 23 1
10 11 8
11 72 20
x
x
1 49 28
2 2 31
2 99 23
x
x
13 70 38
2 19 7
6 39 42
10 25 31
6 57 10
x
3 16 21
4 46 42
x
12 10 4
x
x
3 75 21
13 95 28
4 45 23
8 22 0
3 48 9
6 54 42
14 92 33
10 49 35
11 81 25
13 35 23
4 19 34
13 79 42
15 98 38
9 75 5
1 84 22
10 0 17
14 77 41
7 65 20
5 2 43
6 0 38
0 68 32
15 64 38
4 82 3
5 93 28
5 9 10
0 25 10
7 31 5
14 82 33
x
8 6 36
15 65 38
x
1 8 39
x
x
3 88 18
1 66 7
4 43 35
4 29 8
7 48 38
2 20 44
4 69 23
x
3 50 29
13 8 39
x
9 20 15
x
6 76 30
5 78 3
0 82 5
1 99 23
7 3 33
5 68 17
2 56 38
7 78 28
x
4 24 43
0 14 11
14 13 38
8 49 12
1 87 33
4 95 15
8 0 15
x
11 5 38
15 22 6
9 90 6
8 58 18
6 70 21
5 97 28
8 14 39
2 63 42
15 75 39
7 93 35
12 42 29
0 41 22
12 12 12
x
7 88 30
2 51 15
x
1 80 12
3 89 25
5 73 11
6 97 25
8 97 25
x
4 84 38
7 85 33
x
4 81 8
10 12 5
12 31 3
11 15 32
12 38 23
13 26 0
14 1 0
x
0 65 43
9 51 34
13 10 32
3 58 20
x
4 3 39
1 16 20
7 37 11
13 17 34
12 58 10
2 30 33
8 31 8
0 22 4
10 83 20
15 5 5
8 79 27
12 4 42
x
1 4 35
2 27 10
6 84 11
7 57 24
8 63 40
10 24 15
3 54 40
9 98 26
4 54 21
2 0 5
5 39 28
10 79 41
2 13 23
x
8 40 39
5 85 18
9 68 6
x
x
6 87 43
7 36 3
10 70 41
7 10 1
11 0 23
9 69 29
3 27 21
11 12 0
11 75 37
11 84 3
10 55 25
11 92 15
8 60 42
x
13 4 9
9 5 25
2 62 27
4 12 26
3 44 33
4 0 5
8 38 0
12 26 13
12 34 25
12 60 34
14 5 44
13 22 32
5 17 42
10 3 7
1 62 40
6 9 0
15 9 5
7 44 23
13 80 8
13 16 35
8 59 32
x
x
x
4 67 41
12 98 17
13 93 10
5 49 0
6 34 7
0 37 17
9 81 16
10 7 25
1 35 16
x
11 68 20
0 0 22
5 0 34
x
6 23 37
14 0 23
x
6 6 32
2 57 12
7 16 40
8 96 21
x
15 1 6
x
15 93 10
10 68 0
11 88 30
0 98 19
x
12 78 42
9 10 6
10 41 14
12 49 16
13 81 7
11 33 8
x
1 20 32
12 94 28
1 6 16
14 31 33
2 71 36
7 35 30
1 0 7
11 53 14
x
x
9 1 15
13 49 43
12 17 44
x
14 51 44
4 41 41
15 85 42
15 51 32
0 96 14
1 75 31
8 21 0
0 50 44
x
13 13 32
3 31 7
3 79 17
14 4 24
x
1 30 44
4 25 37
1 31 13
3 63 23
4 16 5
2 74 16
8 11 27
5 37 41
7 24 1
x
x
5 67 34
7 98 29
0 46 37
2 67 33
3 45 23
3 85 20
8 52 13
7 70 21
5 31 5
x
13 33 35
10 40 0
14 3 7
10 75 2
1 28 15
6 62 44
14 10 16
3 95 12
15 18 14
15 35 15
0 43 19
9 15 28
12 90 21
7 80 33
4 75 43
8 99 2
9 38 13
5 22 0
x
3 82 36
x
10 90 11
10 20 6
1 90 12
x
7 53 16
13 74 24
11 18 10
12 64 12
6 8 30
2 49 27
11 28 15
6 35 25
11 19 15
13 28 32
14 29 7
6 46 13
11 24 9
5 25 0
x
4 58 25
5 87 21
7 63 8
2 14 3
x
12 73 40
x
9 25 20
12 88 25
9 43 40
12 87 26
9 33 13
10 60 32
13 43 36
10 18 13
14 96 1
15 80 22
x
14 70 42
12 21 39
x
13 31 33
11 36 16
13 15 0
0 62 33
14 35 26
x
14 6 40
7 18 8
10 78 11
8 75 22
3 61 18
14 22 17
x
15 15 13
13 38 11
9 48 5
11 69 23
4 91 33
15 40 25
0 17 8
6 19 25
14 17 26
5 55 29
12 92 20
15 24 15
14 64 40
1 57 26
13 65 32
x
0 4 22
14 89 12
x
12 0 18
13 56 9
0 29 33
x
1 34 11
x
x
13 1 13
x
2 40 39
x
5 14 22
7 75 14
12 46 30
x
0 60 25
1 55 12
15 28 11
1 46 19
5 45 41
8 72 22
x
3 6 9
8 26 39
3 10 37
9 93 16
11 49 5
14 47 9
15 46 33
1 11 38
5 60 31
15 72 26
9 66 33
x
10 30 3
12 68 15
2 94 3
5 35 26
9 83 42
6 42 7
2 72 28
3 36 24
1 40 31
4 35 33
8 33 8
x
6 51 22
4 8 25
6 27 8
x
3 73 41
15 10 29
10 50 17
7 87 2
x
x
1 70 44
x
x
6 59 36
5 40 11
2 64 44
6 78 0
7 52 4
6 30 26
9 24 6
7 28 22
x
0 90 36
14 65 36
0 12 6
8 5 27
7 7 27
4 50 30
10 33 32
x
x
8 17 30
9 36 26
4 65 7
x
x
4 74 21
8 85 43
0 11 15
x
x
3 47 34
6 94 44
11 9 33
x
8 68 12
12 33 23
5 62 35
9 62 43
9 67 30
9 7 26
4 60 8
x
x
10 31 6
15 57 39
6 11 44
6 16 10
7 15 44
13 60 16
8 1 25
13 58 4
2 7 7
7 41 36
8 84 6
3 2 43
5 91 40
10 99 0
5 84 2
13 18 14
7 0 19
3 20 36
5 54 26
1 95 26
9 53 28
8 44 19
9 79 29
14 87 22
x
10 63 4
10 85 28
11 58 5
14 53 29
15 68 0
6 99 34
x
10 89 42
12 8 5
15 54 15
10 96 18
0 64 42
11 91 22
11 79 11
13 6 5
2 90 36
x
5 5 23
2 82 7
5 29 15
14 74 0
3 14 28
14 99 9
6 92 37
7 72 24
15 84 14
x
x
9 0 30
x
x
12 96 27
0 34 22
x
x
7 27 34
11 44 34
13 90 9
x
15 0 35
14 42 2
8 86 3
1 45 19
15 44 0
0 57 3
0 48 36
x
x
9 86 43
15 91 24
2 35 44
x
1 89 12
8 92 13
4 94 35
5 94 34
15 60 5
2 77 30
3 23 13
9 28 19
14 28 37
5 6 7
x
10 57 8
x
x
3 67 28
7 59 29
11 41 43
10 44 36
7 82 38
12 54 32
x
4 64 13
0 52 44
14 38 23
13 0 9
0 87 22
x
12 44 4
1 77 9
9 95 2
x
11 90 4
0 32 23
11 96 24
3 39 37
x
10 34 35
2 9 8
11 63 27
9 77 43
4 31 24
6 66 36
13 86 27
15 88 13
4 78 2
3 0 2
13 53 13
x
x
x
7 20 20
x
10 37 26
10 2 37
8 51 12
12 83 7
