11 62 12
3 84 36
12 69 19
0 2 34
x
9 61 18
3 5 8
8 73 39
2 90 3
9 56 32
x
1 15 34
15 39 29
15 43 36
13 66 10
6 68 5
x
0 82 29
11 23 16
0 43 25
12 18 33
11 29 44
5 94 44
5 33 44
4 30 43
12 75 32
6 48 17
3 54 43
x
15 18 24
0 74 33
14 58 13
11 64 39
x
x
15 46 13
x
2 1 29
x
5 69 9
1 96 24
1 83 43
3 19 33
0 17 41
9 43 35
14 47 6
15 22 6
x
x
5 16 31
5 96 30
x
4 21 1
11 45 37
3 1 6
x
13 43 11
3 13 4
15 84 44
x
11 12 3
x
9 5 19
x
2 33 4
x
10 59 6
13 90 10
x
14 3 16
1 4 8
5 21 35
13 28 11
0 35 39
x
x
14 50 0
1 55 17
12 98 11
13 71 36
13 83 19
11 90 0
12 37 20
9 90 43
0 24 17
2 8 16
10 5 9
14 89 18
5 42 13
8 93 1
x
x
9 30 1
10 12 28
7 76 38
2 31 18
1 63 33
x
10 20 14
11 3 15
8 58 41
2 76 33
6 41 33
15 68 5
5 87 43
2 78 17
x
5 0 9
8 99 23
4 58 19
2 97 26
9 77 44
1 62 34
x
10 67 20
2 42 17
x
14 81 29
5 58 3
11 18 11
x
4 73 6
x
8 24 29
4 35 28
x
8 63 15
x
14 33 6
4 6 8
10 18 42
x
2 26 42
13 79 22
x
4 3 28
0 44 17
5 53 41
9 80 2
5 13 6
14 0 20
13 75 9
10 45 10
x
8 40 22
x
12 80 17
1 82 31
x
0 5 25
9 54 38
6 18 31
11 76 41
x
7 62 19
x
2 87 28
6 46 41
9 51 35
15 0 27
x
13 12 44
x
5 63 41
11 69 38
8 29 16
9 75 28
6 0 20
4 70 24
4 0 9
x
0 87 32
x
10 97 34
0 56 15
4 24 39
1 91 42
2 96 7
10 62 39
x
0 68 8
10 72 6
x
1 24 35
12 5 27
7 25 26
x
6 1 12
6 38 43
x
11 50 30
0 45 17
12 42 29
15 35 32
14 99 5
5 46 18
12 96 8
14 38 32
3 42 8
x
7 67 12
9 38 32
12 84 44
15 74 36
x
5 19 14
13 49 36
12 76 25
1 40 40
2 93 4
6 76 4
3 22 36
6 79 35
13 56 35
x
7 15 40
1 77 28
x
1 0 38
14 19 33
7 74 16
12 46 35
0 60 18
x
15 78 22
14 94 1
4 17 22
8 45 15
0 64 42
x
10 0 38
8 90 11
14 29 0
4 66 38
3 65 11
3 73 11
4 54 29
12 8 24
x
2 71 7
x
15 98 37
14 76 42
1 56 9
5 8 21
14 5 44
11 95 0
12 0 5
2 49 9
14 43 26
9 9 30
15 9 44
10 50 8
x
3 53 0
6 8 35
x
x
3 98 2
x
15 10 25
12 71 3
7 80 41
9 85 25
10 98 28
13 39 30
0 48 31
7 89 1
6 77 32
15 81 32
5 62 39
6 34 6
1 30 40
9 67 40
x
x
x
1 28 42
8 84 5
7 40 14
12 50 25
4 29 24
x
x
14 12 2
3 50 18
5 39 7
11 87 32
15 64 1
8 0 29
6 31 3
15 86 14
12 64 34
15 54 10
3 46 40
13 31 35
x
7 54 44
15 3 16
2 62 1
5 93 39
8 7 21
15 19 0
x
13 86 2
12 12 40
13 7 7
7 50 1
x
12 15 0
9 46 21
x
4 1 41
10 33 14
8 62 7
11 38 19
6 26 8
3 0 11
7 42 3
13 0 16
5 25 39
1 79 19
5 78 10
2 94 16
2 67 7
7 58 21
7 0 28
x
3 8 2
6 9 28
10 77 8
7 96 36
14 71 26
4 41 25
x
7 29 30
3 95 1
x
6 88 15
11 71 39
7 92 0
x
x
14 8 2
4 90 11
15 79 13
8 54 6
6 6 31
8 33 9
11 79 6
15 58 33
8 21 11
7 17 7
1 41 17
x
0 21 43
0 77 41
2 52 2
1 68 30
x
15 87 33
12 59 14
x
x
5 30 15
x
9 14 22
0 0 27
14 28 30
2 44 42
7 78 29
13 22 29
0 26 13
12 21 16
7 84 14
x
11 84 15
3 29 44
9 0 29
6 83 11
15 69 35
2 17 11
2 82 20
1 22 12
9 34 26
x
x
13 17 20
x
x
15 61 8
10 90 26
x
x
4 14 21
x
x
1 7 21
2 56 30
6 23 30
8 38 14
8 16 1
2 38 10
3 32 36
5 5 11
x
14 66 42
2 74 36
x
1 36 31
12 57 40
1 73 36
12 43 42
5 54 10
15 14 41
8 66 38
x
6 21 43
2 12 11
1 43 15
2 3 19
3 59 21
13 41 12
7 22 2
10 49 37
x
7 66 41
13 50 24
7 35 30
4 19 15
6 13 13
7 68 37
8 1 36
0 41 33
x
6 70 0
10 40 41
6 59 11
12 34 26
9 96 38
10 56 24
15 89 40
x
3 79 5
9 69 41
12 90 42
7 45 6
2 64 28
11 57 33
11 47 13
11 52 8
x
1 18 4
0 53 7
10 96 4
3 21 26
6 56 29
15 57 21
8 80 2
4 95 5
3 25 36
3 89 20
4 78 32
8 10 14
12 53 14
1 11 40
2 16 5
x
x
2 22 34
10 37 38
3 77 24
x
x
12 92 44
2 0 3
15 73 29
x
4 80 30
3 38 32
0 32 30
3 39 28
x
12 28 22
10 24 44
8 49 31
4 11 23
11 28 28
5 84 8
x
7 77 21
x
4 68 14
10 30 26
3 67 10
11 42 11
12 68 11
10 25 25
9 1 32
8 14 18
x
11 0 23
11 37 10
x
8 72 35
11 68 39
8 89 27
9 92 15
x
11 73 27
3 4 44
14 15 4
x
4 49 44
8 85 23
13 81 2
14 64 3
6 95 20
3 9 11
14 22 25
0 95 37
10 86 6
9 66 31
13 2 8
5 45 44
7 72 42
x
11 81 8
3 36 30
12 56 34
1 52 6
x
4 45 1
4 82 44
0 52 12
14 54 12
x
x
9 44 27
1 47 22
13 59 8
9 82 1
3 20 41
5 66 44
11 32 43
x
0 11 11
x
x
10 83 11
7 1 15
x
8 60 4
13 95 32
13 36 38
1 88 33
8 61 35
13 61 10
8 75 26
9 24 12
10 54 20
x
6 16 16
8 64 44
1 1 31
8 11 12
4 64 4
11 7 44
12 93 7
11 80 33
10 8 15
3 51 2
11 34 20
5 71 42
7 6 1
x
6 63 14
x
5 89 23
x
5 75 25
15 32 28
8 2 4
9 25 3
0 91 27
6 35 30
15 94 22
14 86 17
x
x
15 85 10
9 18 5
x
8 9 1
12 31 20
4 8 0
8 87 32
0 29 41
x
12 24 9
3 58 4
6 29 18
x
4 85 18
x
9 7 42
5 49 12
6 53 16
6 11 27
x
x
6 91 10
15 51 29
x
x
10 52 2
1 49 37
15 50 29
15 26 10
7 11 27
x
1 34 31
8 92 13
x
0 13 37
