10 1 36
1 49 27
4 6 41
12 1 28
14 58 34
2 78 27
1 63 26
6 79 4
7 81 38
5 13 43
0 15 39
5 89 2
5 51 41
x
7 58 13
15 10 43
6 6 24
1 29 16
x
14 0 38
x
8 0 22
14 80 4
11 44 30
3 76 6
x
x
4 66 44
14 46 32
10 83 33
x
x
x
14 50 8
13 6 31
4 59 16
8 72 43
4 42 13
9 90 1
15 42 25
x
4 1 23
13 0 7
9 14 32
10 0 9
13 75 23
15 79 11
9 24 36
3 61 20
5 0 33
3 53 2
8 84 17
0 38 25
13 56 4
x
15 12 31
11 3 39
9 31 0
x
x
7 92 10
5 23 21
1 25 34
6 76 6
x
2 24 3
15 53 19
13 70 30
7 3 19
1 9 22
x
x
x
5 33 39
6 86 5
x
x
14 64 16
x
0 65 35
13 92 33
2 43 13
10 65 30
2 62 25
0 49 21
x
2 97 26
13 12 18
5 49 14
10 77 9
x
13 29 5
x
x
0 14 20
9 8 17
6 70 11
11 68 2
x
7 50 19
14 65 42
8 16 14
13 65 39
x
7 48 36
5 40 24
8 58 6
2 40 28
x
9 95 15
1 16 43
13 86 13
x
14 82 43
15 44 27
1 23 15
x
6 65 24
9 10 30
1 56 0
14 22 36
12 84 38
9 61 26
7 72 38
4 88 27
x
4 64 14
8 66 10
5 18 31
x
5 87 25
3 36 41
12 47 1
11 13 41
11 79 26
2 82 33
4 41 40
1 55 23
7 7 30
2 28 39
1 2 18
x
3 40 44
8 75 12
8 93 41
x
0 96 15
x
8 14 23
8 52 31
5 72 5
14 16 0
9 36 8
13 79 8
7 54 9
6 55 36
7 22 37
3 98 33
8 34 7
4 78 23
12 19 23
x
x
9 0 14
5 6 37
7 63 43
8 25 22
15 0 8
7 13 24
x
15 68 40
x
1 0 13
4 0 21
3 26 26
x
14 89 33
7 47 14
4 30 1
x
10 18 33
13 17 22
0 34 34
5 10 6
x
10 28 34
5 76 22
10 50 21
12 72 17
6 63 30
x
6 77 9
4 29 18
11 56 13
x
9 58 35
12 75 17
5 78 11
x
10 96 38
x
0 30 30
10 84 10
13 34 25
x
0 74 43
5 39 27
7 77 6
13 28 38
2 74 2
4 45 4
15 39 27
x
x
10 37 29
0 28 33
9 93 7
6 81 41
13 49 37
7 19 40
1 66 21
0 57 13
0 6 32
0 11 32
x
13 30 29
11 15 32
x
6 59 13
12 90 26
x
14 45 4
14 74 8
9 83 1
3 67 24
12 96 21
9 70 22
x
11 90 2
14 87 37
8 85 26
9 76 30
7 25 40
8 3 43
11 49 38
4 8 9
13 38 32
0 91 22
x
7 30 27
8 37 14
5 94 8
13 22 19
3 68 32
2 49 37
x
4 11 42
x
2 17 15
4 18 35
1 96 22
9 66 42
5 29 6
6 42 21
11 83 25
3 19 44
14 29 6
5 84 18
2 50 38
0 12 1
3 1 30
7 35 17
x
1 94 44
14 59 18
10 92 12
1 28 3
3 50 18
x
x
7 97 34
5 5 5
15 19 22
14 19 11
13 1 35
x
4 72 13
x
x
x
11 81 18
15 9 29
10 32 42
x
x
13 95 26
14 10 3
14 54 10
x
13 43 1
12 62 40
0 0 34
4 69 18
15 32 17
0 69 15
x
2 1 6
13 8 26
3 2 27
x
8 29 18
x
15 27 24
9 3 35
3 7 26
3 11 38
x
2 75 36
4 75 17
8 18 44
11 30 22
0 85 30
7 87 33
0 80 3
6 46 42
2 6 40
8 92 18
5 45 41
14 5 19
12 10 12
x
0 61 37
10 72 37
x
x
15 95 36
2 58 19
x
9 50 8
2 76 17
9 85 25
7 0 37
0 1 41
x
x
6 0 18
3 81 0
x
5 24 5
x
3 23 1
9 43 40
8 20 29
11 54 10
2 31 35
10 40 43
12 52 36
x
5 95 36
3 89 32
13 4 0
15 3 24
12 60 23
x
x
11 60 28
5 60 14
15 1 6
7 38 26
9 38 29
x
12 36 22
1 85 41
12 57 30
10 8 22
6 26 38
15 65 12
15 84 44
x
9 18 26
11 23 11
1 80 42
15 34 32
x
12 15 14
7 12 1
9 46 5
11 69 22
3 58 40
x
x
2 19 11
x
x
7 84 4
4 46 25
x
12 32 2
11 8 27
4 81 25
x
11 95 13
13 61 16
x
12 92 30
2 55 17
10 3 1
1 92 2
9 26 4
13 24 23
x
1 88 34
2 35 27
0 43 23
12 4 30
x
11 38 18
14 72 8
13 82 38
6 29 26
5 67 41
4 95 29
12 77 24
2 94 5
0 41 34
x
10 49 14
12 79 43
9 78 9
6 34 23
10 25 40
10 13 25
x
x
1 71 8
2 85 25
x
x
12 12 16
11 62 11
3 43 44
1 4 12
7 36 26
1 34 2
x
0 48 13
12 42 21
x
3 84 5
3 32 20
5 55 7
12 67 28
11 74 41
5 64 39
x
5 93 16
6 23 34
7 2 5
9 28 9
4 35 19
2 90 11
9 53 41
12 70 23
9 75 19
3 46 1
15 75 20
12 0 15
1 21 4
x
14 12 12
8 12 0
15 14 32
14 32 35
11 18 39
10 24 38
14 6 12
3 0 12
2 10 20
x
x
1 68 29
1 40 5
3 15 7
10 54 9
3 39 33
7 67 37
14 38 37
x
10 69 14
4 24 13
x
1 76 16
x
6 20 22
8 60 29
14 42 43
0 52 27
11 85 28
13 51 37
4 93 4
3 9 10
6 8 24
3 8 10
6 16 28
2 0 17
8 65 32
x
15 91 39
3 95 29
7 44 24
3 38 14
0 76 9
14 67 43
15 60 32
x
14 78 6
11 28 19
4 50 5
0 53 33
6 91 28
6 50 37
6 96 41
x
8 47 35
14 37 34
3 74 23
1 62 28
7 16 13
9 25 33
3 73 0
10 57 3
12 8 13
4 84 41
x
13 50 6
x
x
4 15 6
x
3 65 19
x
x
x
x
3 30 13
4 65 34
5 8 10
14 94 7
15 29 25
15 72 38
x
1 43 30
x
10 43 8
13 45 3
13 58 24
12 61 30
1 11 26
8 42 34
3 21 3
8 10 19
0 82 1
2 38 33
8 27 37
0 88 11
2 14 36
5 74 29
x
x
x
12 63 39
14 41 41
10 59 39
x
12 21 27
x
6 11 25
14 99 39
11 0 20
9 6 23
6 2 37
15 16 42
x
15 22 0
8 79 21
13 89 42
x
2 52 23
15 87 29
x
15 59 29
0 19 41
4 55 41
3 22 30
x
10 89 41
2 33 17
6 36 2
6 39 18
x
14 1 11
15 57 32
15 49 25
x
10 62 30
x
0 24 14
14 7 17
14 3 4
2 69 24
x
x
7 9 16
x
12 26 5
11 42 14
11 35 24
8 99 11
2 64 9
12 28 40
7 39 38
1 19 27
8 9 35
14 28 11
8 87 32
x
